1622694293.822773,0
1622694293.927168,0
1622694294.031084,0
1622694294.155932,0
1622694294.260208,0
1622694294.363548,0
1622694294.469453,0
1622694294.592786,0
1622694294.706721,0
1622694294.811030,0
1622694294.914524,4
1622694295.018063,12
1622694295.121531,14
1622694295.231041,23
1622694295.335556,25
1622694295.438984,30
1622694295.542684,30
1622694295.646573,26
1622694295.749961,21
1622694295.858003,15
1622694295.974547,10
1622694296.078026,0
1622694296.238473,8
1622694296.342098,18
1622694296.446134,22
1622694296.548995,28
1622694296.652613,34
1622694296.759027,32
1622694296.862995,28
1622694296.966062,24
1622694297.069469,19
1622694297.172651,16
1622694297.277006,11
1622694297.379767,2
1622694297.483013,10
1622694297.586758,18
1622694297.689779,24
1622694297.793397,31
1622694297.896877,35
1622694298.000061,30
1622694298.103837,23
1622694298.206903,17
1622694298.310397,11
1622694298.414022,0
1622694298.523080,1
1622694298.631177,0
1622694298.743113,0
1622694298.848293,1
1622694298.951651,1
1622694299.059762,0
1622694299.174741,0
1622694299.277933,0
1622694299.399076,0
1622694299.502623,0
1622694299.605466,0
1622694299.709814,0
1622694299.813225,0
1622694299.917053,0
1622694300.019881,0
1622694300.123276,0
1622694300.226753,0
1622694300.330505,0
1622694300.434583,0
1622694300.538004,0
1622694300.641132,0
1622694300.746030,0
1622694300.849790,0
1622694300.953046,0
1622694301.056726,0
1622694301.160030,0
1622694301.262995,0
1622694301.366369,0
1622694301.469369,0
1622694301.576916,0
1622694301.692036,1
1622694301.802980,1
1622694301.909016,0
1622694302.020981,0
1622694302.144890,0
1622694302.259578,0
1622694302.377226,0
1622694302.498493,0
1622694302.637747,0
1622694302.740639,0
1622694302.843659,1
1622694302.947034,1
1622694303.050683,1
1622694303.154394,0
1622694303.257504,0
1622694303.360736,0
1622694303.465453,0
1622694303.568702,11
1622694303.671667,18
1622694303.775380,24
1622694303.885509,30
1622694303.989068,36
1622694304.105191,30
1622694304.211142,23
1622694304.315397,17
1622694304.427669,13
1622694304.550098,8
1622694304.653208,4
1622694304.756901,12
1622694304.860675,19
1622694304.964395,22
1622694305.067882,25
1622694305.171493,32
1622694305.275901,29
1622694305.381332,23
1622694305.486725,16
1622694305.591047,12
1622694305.700963,8
1622694305.805346,0
1622694305.909687,11
1622694306.012505,19
1622694306.115371,25
1622694306.219301,32
1622694306.322550,33
1622694306.425333,27
1622694306.528277,21
1622694306.631111,16
1622694306.733877,9
1622694306.836918,0
1622694306.940042,0
1622694307.046178,0
1622694307.148954,0
1622694307.252583,0
1622694307.355751,0
1622694307.459352,0
1622694307.562459,0
1622694307.666087,0
1622694307.769081,0
1622694307.872379,0
1622694307.975795,0
1622694308.079582,0
1622694308.182402,0
1622694308.296951,0
1622694308.400922,0
1622694308.520994,0
1622694308.624056,0
1622694308.727488,0
1622694308.831506,0
1622694308.934905,0
1622694309.038190,0
1622694309.141248,0
1622694309.244298,0
1622694309.347896,0
1622694309.452564,0
1622694309.557935,0
1622694309.660761,0
1622694309.764080,0
1622694309.867597,1
1622694309.972492,1
1622694310.076171,1
1622694310.180315,0
1622694310.283436,0
1622694310.386776,0
1622694310.491099,0
1622694310.596944,0
1622694310.699982,0
1622694310.807410,0
1622694310.911858,0
1622694311.027558,0
1622694311.132738,0
1622694311.240081,0
1622694311.345283,0
1622694311.454008,0
1622694311.560738,0
1622694311.668790,0
1622694311.784728,0
1622694311.888109,3
1622694311.993146,13
1622694312.097435,19
1622694312.200543,25
1622694312.304051,25
1622694312.407852,32
1622694312.511079,25
1622694312.614422,19
1622694312.718273,13
1622694312.821366,7
1622694312.924617,0
1622694313.073831,5
1622694313.186503,12
1622694313.292516,18
1622694313.395426,25
1622694313.501099,33
1622694313.604582,32
1622694313.709390,27
1622694313.812661,22
1622694313.920952,16
1622694314.024269,10
1622694314.141400,1
1622694314.260021,6
1622694314.387958,12
1622694314.537508,15
1622694314.642632,22
1622694314.768314,23
1622694314.878433,32
1622694315.133246,30
1622694315.237686,24
1622694315.341447,20
1622694315.444752,16
1622694315.549794,13
1622694315.654453,1
1622694315.757328,1
1622694315.860981,1
1622694315.979760,1
1622694316.083993,0
1622694316.189177,0
1622694316.313322,1
1622694316.431436,0
1622694316.540725,0
1622694316.648207,0
1622694316.766743,0
1622694316.877229,0
1622694316.987929,0
1622694317.104600,0
1622694317.216482,0
1622694317.328914,0
1622694317.433172,0
1622694317.539338,1
1622694317.660719,0
1622694317.764766,1
1622694317.867852,1
1622694317.970877,1
1622694318.077528,0
1622694318.182042,1
1622694318.291065,0
1622694318.404664,0
1622694318.529245,0
1622694318.632219,0
1622694318.735722,1
1622694318.843253,1
1622694318.947500,1
1622694319.054062,1
1622694319.158097,1
1622694319.262283,0
1622694319.366294,1
1622694319.470736,1
1622694319.585417,0
1622694319.690928,1
1622694319.793985,1
1622694319.897670,1
1622694320.003336,0
1622694320.111174,0
1622694320.232553,0
1622694320.352242,0
1622694320.476030,0
1622694320.580443,0
1622694320.723459,1
1622694320.828273,8
1622694320.931601,9
1622694321.059199,17
1622694321.206322,19
1622694321.324798,26
1622694321.434755,32
1622694321.540517,31
1622694321.643499,25
1622694321.757574,19
1622694321.861039,14
1622694321.964902,7
1622694322.070216,0
1622694322.191628,8
1622694322.294959,15
1622694322.405961,21
1622694322.509044,27
1622694322.622132,34
1622694322.746423,28
1622694322.855565,22
1622694322.975965,15
1622694323.080514,9
1622694323.183665,0
1622694323.288465,9
1622694323.393709,13
1622694323.499806,22
1622694323.602981,23
1622694323.707502,33
1622694323.812596,36
1622694323.915556,30
1622694324.019543,25
1622694324.123627,20
1622694324.226644,16
1622694324.330820,10
1622694324.434016,0
1622694324.537635,0
1622694324.640659,0
1622694324.743787,1
1622694324.847252,1
1622694324.950155,0
1622694325.054308,0
1622694325.157238,0
1622694325.260618,0
1622694325.363729,0
1622694325.467363,0
1622694325.571010,0
1622694325.674706,0
1622694325.780399,0
1622694325.886268,0
1622694325.990155,0
1622694326.093971,0
1622694326.197766,0
1622694326.302111,0
1622694326.415395,0
1622694326.518804,0
1622694326.622885,0
1622694326.726501,0
1622694326.836422,0
1622694326.940518,0
1622694327.060979,0
1622694327.167814,0
1622694327.277051,0
1622694327.380698,0
1622694327.484133,1
1622694327.588124,1
1622694327.691329,0
1622694327.800394,0
1622694327.906398,1
1622694328.009498,1
1622694328.114129,0
1622694328.219561,0
1622694328.322905,0
1622694328.425931,0
1622694328.529811,0
1622694328.636708,0
1622694328.741611,0
1622694328.845287,0
1622694328.948615,0
1622694329.092093,0
1622694329.196331,0
1622694329.299994,0
1622694329.427526,0
1622694329.530737,7
1622694329.634238,12
1622694329.737221,20
1622694329.840179,25
1622694329.945118,33
1622694330.048342,34
1622694330.152095,29
1622694330.255927,25
1622694330.359069,19
1622694330.486640,15
1622694330.589616,9
1622694330.693232,0
1622694330.796733,7
1622694330.902088,16
1622694331.007799,21
1622694331.111642,23
1622694331.216014,35
1622694331.319978,35
1622694331.422937,30
1622694331.526985,25
1622694331.632447,20
1622694331.735755,14
1622694331.838980,10
1622694331.953666,1
1622694332.057919,4
1622694332.162292,10
1622694332.266721,15
1622694332.370926,22
1622694332.544062,24
1622694332.668061,28
1622694332.771778,32
1622694332.875428,26
1622694332.978946,20
1622694333.084773,15
1622694333.198789,9
1622694333.341436,0
1622694333.444948,0
1622694333.562076,1
1622694333.674649,0
1622694333.781832,0
1622694333.908832,0
1622694334.011726,0
1622694334.139336,1
1622694334.250319,0
1622694334.355586,0
1622694334.472034,0
1622694334.575246,0
1622694334.678437,0
1622694334.797928,0
1622694334.919405,0
1622694335.022563,0
1622694335.127396,0
1622694335.230772,0
1622694335.334414,0
1622694335.459462,0
1622694335.562933,0
1622694335.666990,0
1622694335.770474,1
1622694335.875974,1
1622694335.979899,0
1622694336.087817,1
1622694336.194746,0
1622694336.298849,0
1622694336.401607,1
1622694336.504409,1
1622694336.608021,1
1622694336.711470,1
1622694336.814422,1
1622694336.922127,0
1622694337.027070,0
1622694337.130531,0
1622694337.239076,0
1622694337.342837,1
1622694337.450346,1
1622694337.558643,1
1622694337.666779,1
1622694337.771127,1
1622694337.875132,0
1622694337.982488,1
1622694338.085686,1
1622694338.189273,1
1622694338.294576,0
1622694338.409487,6
1622694338.526697,12
1622694338.634356,20
1622694338.745467,23
1622694338.852471,23
1622694338.968011,29
1622694339.071731,25
1622694339.181226,21
1622694339.287512,14
1622694339.435649,11
1622694339.588454,8
1622694339.692494,1
1622694339.795905,7
1622694339.899268,14
1622694340.002837,22
1622694340.106337,28
1622694340.220001,33
1622694340.351483,30
1622694340.468218,26
1622694340.590300,23
1622694340.693504,19
1622694340.803582,13
1622694340.908322,7
1622694341.011498,8
1622694341.122694,8
1622694341.236749,13
1622694341.341526,19
1622694341.458109,27
1622694341.561798,32
1622694341.666520,32
1622694341.788462,25
1622694341.896181,22
1622694342.004787,17
1622694342.107795,11
1622694342.211061,2
1622694342.314247,0
1622694342.421072,0
1622694342.524200,1
1622694342.636827,0
1622694342.753530,1
1622694342.864513,0
1622694342.968585,0
1622694343.073101,0
1622694343.176095,0
1622694343.289315,1
1622694343.396602,0
1622694343.515747,0
1622694343.630414,1
1622694343.734064,0
1622694343.840105,0
1622694343.944002,0
1622694344.067217,1
1622694344.180905,0
1622694344.300429,0
1622694344.410906,0
1622694344.529598,0
1622694344.689372,0
1622694344.792716,1
1622694344.905590,0
1622694345.100080,0
1622694345.203735,0
1622694345.319416,0
1622694345.437227,0
1622694345.540991,0
1622694345.657734,0
1622694345.777587,0
1622694345.892242,1
1622694346.005385,0
1622694346.108687,0
1622694346.214051,0
1622694346.321331,0
1622694346.427451,0
1622694346.530563,1
1622694346.653969,0
1622694346.757535,0
1622694346.861051,1
1622694346.965507,0
1622694347.069098,1
1622694347.176154,0
1622694347.293991,1
1622694347.418241,6
1622694347.535381,10
1622694347.643534,19
1622694347.750862,23
1622694347.853950,28
1622694347.962315,33
1622694348.090670,27
1622694348.202618,21
1622694348.339586,18
1622694348.457603,14
1622694348.568133,8
1622694348.706749,1
1622694348.818427,6
1622694348.923404,12
1622694349.175877,18
1622694349.282908,25
1622694349.386106,26
1622694349.490603,26
1622694349.594214,28
1622694349.698183,24
1622694349.801182,17
1622694349.904246,13
1622694350.007760,8
1622694350.110947,2
1622694350.219390,6
1622694350.322998,12
1622694350.426426,19
1622694350.575393,25
1622694350.679758,30
1622694350.783620,33
1622694350.887959,33
1622694350.991983,26
1622694351.097912,20
1622694351.202879,15
1622694351.306370,10
1622694351.412161,0
1622694351.515573,0
1622694351.628619,0
1622694351.737240,0
1622694351.850764,0
1622694351.974869,0
1622694352.077873,0
1622694352.180650,0
1622694352.283957,0
1622694352.401251,0
1622694352.504853,0
1622694352.608910,0
1622694352.718048,0
1622694352.823653,0
1622694352.927667,0
1622694353.031199,0
1622694353.136833,0
1622694353.257277,1
1622694353.371631,1
1622694353.483388,0
1622694353.601754,0
1622694353.705142,0
1622694353.809175,0
1622694353.912528,0
1622694354.022445,0
1622694354.129592,0
1622694354.232749,0
1622694354.344504,0
1622694354.447887,0
1622694354.561823,0
1622694354.664966,0
1622694354.768793,0
1622694354.874800,0
1622694354.978828,0
1622694355.085942,0
1622694355.188915,0
1622694355.292666,0
1622694355.396719,0
1622694355.500413,1
1622694355.604153,1
1622694355.707527,1
1622694355.813282,1
1622694355.916399,1
1622694356.020071,1
1622694356.123680,0
1622694356.227376,1
1622694356.330982,1
1622694356.434468,1
1622694356.539850,5
1622694356.643552,8
1622694356.752084,15
1622694356.858207,25
1622694356.961670,29
1622694357.065937,32
1622694357.169124,29
1622694357.273610,24
1622694357.384391,17
1622694357.487556,11
1622694357.592360,6
1622694357.696169,5
1622694357.811837,8
1622694357.919318,18
1622694358.024149,24
1622694358.142721,29
1622694358.246168,32
1622694358.355153,27
1622694358.459202,21
1622694358.567991,15
1622694358.674857,9
1622694358.779608,0
1622694358.883724,9
1622694358.988123,14
1622694359.091538,18
1622694359.201221,23
1622694359.304440,34
1622694359.407232,32
1622694359.510765,27
1622694359.614371,21
1622694359.717487,15
1622694359.834847,9
1622694359.938180,0
1622694360.041520,1
1622694360.145047,1
1622694360.248505,0
1622694360.354426,0
1622694360.463052,0
1622694360.572102,0
1622694360.675557,1
1622694360.779053,1
1622694360.884763,1
1622694360.988342,1
1622694361.091363,1
1622694361.199979,1
1622694361.303904,0
1622694361.412444,0
1622694361.516613,0
1622694361.627257,0
1622694361.740955,0
1622694361.843884,0
1622694361.950263,0
1622694362.071067,0
1622694362.180509,0
1622694362.295956,0
1622694362.415767,0
1622694362.519494,0
1622694362.634145,0
1622694362.737426,0
1622694362.841392,0
1622694362.944817,0
1622694363.052394,0
1622694363.155907,0
1622694363.258951,0
1622694363.363001,0
1622694363.465663,0
1622694363.570259,0
1622694363.673313,0
1622694363.776572,0
1622694363.879998,0
1622694363.983908,0
1622694364.087842,0
1622694364.191308,0
1622694364.294642,0
1622694364.399926,1
1622694364.503766,0
1622694364.609923,1
1622694364.713298,1
1622694364.817698,0
1622694364.920904,0
1622694365.024512,9
1622694365.127576,16
1622694365.231834,21
1622694365.335596,25
1622694365.439864,25
1622694365.543772,33
1622694365.647391,29
1622694365.750701,26
1622694365.854368,20
1622694365.957867,14
1622694366.061437,10
1622694366.166468,1
1622694366.269715,11
1622694366.372767,18
1622694366.476178,21
1622694366.580213,28
1622694366.689757,34
1622694366.793112,27
1622694366.898660,25
1622694367.016990,20
1622694367.126398,14
1622694367.234838,10
1622694367.337817,0
1622694367.441623,8
1622694367.545541,16
1622694367.648580,20
1622694367.751966,29
1622694367.854974,37
1622694367.957969,30
1622694368.065473,25
1622694368.168339,18
1622694368.271237,13
1622694368.374936,6
1622694368.477985,1
1622694368.585748,0
1622694368.696096,0
1622694368.799446,1
1622694368.907823,0
1622694369.011925,0
1622694369.115963,1
1622694369.219487,1
1622694369.322953,1
1622694369.427278,0
1622694369.530833,0
1622694369.634211,0
1622694369.742516,0
1622694369.847128,1
1622694369.950064,1
1622694370.053574,1
1622694370.157598,0
1622694370.273069,0
1622694370.376658,0
1622694370.480358,0
1622694370.583880,1
1622694370.688634,0
1622694370.792051,0
1622694370.897594,0
1622694371.000668,0
1622694371.104120,0
1622694371.208395,0
1622694371.312469,0
1622694371.416060,0
1622694371.519715,0
1622694371.622671,0
1622694371.727616,0
1622694371.831504,0
1622694371.935020,0
1622694372.038062,0
1622694372.140948,0
1622694372.244534,0
1622694372.347629,0
1622694372.450619,0
1622694372.553785,0
1622694372.657135,0
1622694372.760496,0
1622694372.865494,0
1622694372.968501,0
1622694373.073138,0
1622694373.176205,0
1622694373.279861,0
1622694373.398280,0
1622694373.502659,7
1622694373.605911,15
1622694373.712739,21
1622694373.819291,29
1622694373.923464,35
1622694374.027379,29
1622694374.131087,23
1622694374.233978,17
1622694374.337404,11
1622694374.440842,5
1622694374.546214,7
1622694374.651761,14
1622694374.755213,20
1622694374.858652,28
1622694374.962030,34
1622694375.065783,30
1622694375.169615,24
1622694375.273627,18
1622694375.377331,12
1622694375.480915,6
1622694375.584039,1
1622694375.686845,10
1622694375.791376,18
1622694375.894294,24
1622694375.997195,31
1622694376.100673,34
1622694376.205157,28
1622694376.308042,22
1622694376.411383,17
1622694376.515038,10
1622694376.621578,0
1622694376.726717,1
1622694376.829822,0
1622694376.933135,0
1622694377.038841,1
1622694377.144136,0
1622694377.247654,1
1622694377.364423,0
1622694377.467978,0
1622694377.571245,1
1622694377.678666,1
1622694377.782185,1
1622694377.886860,0
1622694377.989652,0
1622694378.093662,0
1622694378.197373,0
1622694378.300707,0
1622694378.404376,0
1622694378.521275,0
1622694378.625445,0
1622694378.735895,0
1622694378.847239,0
1622694378.981180,0
1622694379.084806,0
1622694379.190329,0
1622694379.293813,0
1622694379.396831,0
1622694379.499772,0
1622694379.602794,0
1622694379.705509,0
1622694379.808481,0
1622694379.913350,1
1622694380.017164,1
1622694380.121240,1
1622694380.225268,0
1622694380.328205,0
1622694380.431229,1
1622694380.535866,0
1622694380.639585,0
1622694380.743094,1
1622694380.850037,0
1622694380.953005,0
1622694381.063112,0
1622694381.166161,0
1622694381.269193,0
1622694381.372671,0
1622694381.478846,0
1622694381.584499,0
1622694381.688318,4
1622694381.791394,12
1622694381.894446,20
1622694381.997934,26
1622694382.102086,33
1622694382.205129,32
1622694382.308655,26
1622694382.412551,20
1622694382.515337,14
1622694382.618775,8
1622694382.722449,0
1622694382.827017,11
1622694382.930565,18
1622694383.034206,25
1622694383.137172,31
1622694383.240404,35
1622694383.343786,28
1622694383.446920,22
1622694383.549968,15
1622694383.653259,10
1622694383.756347,0
1622694383.863936,9
1622694383.968155,16
1622694384.073368,24
1622694384.176671,30
1622694384.280857,35
1622694384.384159,28
1622694384.487706,22
1622694384.590968,16
1622694384.693894,11
1622694384.797345,1
1622694384.908615,0
1622694385.012094,0
1622694385.131986,0
1622694385.235940,0
1622694385.339021,0
1622694385.442851,0
1622694385.545684,0
1622694385.649338,1
1622694385.752840,1
1622694385.856227,1
1622694385.959147,0
1622694386.062582,0
1622694386.165598,0
1622694386.269148,0
1622694386.372876,0
1622694386.477047,0
1622694386.580297,0
1622694386.683919,0
1622694386.787102,0
1622694386.891160,0
1622694386.996958,0
1622694387.101370,0
1622694387.205777,0
1622694387.309645,0
1622694387.413249,0
1622694387.515992,0
1622694387.621171,0
1622694387.724115,0
1622694387.827242,0
1622694387.930579,0
1622694388.037414,0
1622694388.140301,0
1622694388.243570,0
1622694388.346407,0
1622694388.449912,0
1622694388.554810,0
1622694388.663737,0
1622694388.780891,0
1622694388.899321,0
1622694389.017126,0
1622694389.120246,0
1622694389.223918,0
1622694389.328014,0
1622694389.431831,0
1622694389.539035,1
1622694389.644544,0
1622694389.747705,1
1622694389.851668,7
1622694389.954889,12
1622694390.061310,19
1622694390.164806,26
1622694390.268719,33
1622694390.375564,32
1622694390.478498,26
1622694390.582156,20
1622694390.686161,15
1622694390.789088,8
1622694390.893337,0
1622694390.996897,11
1622694391.101345,18
1622694391.204416,25
1622694391.308411,31
1622694391.412475,33
1622694391.519559,26
1622694391.626904,21
1622694391.733528,14
1622694391.836639,9
1622694391.940330,0
1622694392.044426,9
1622694392.147718,16
1622694392.284978,22
1622694392.405224,24
1622694392.541337,33
1622694392.645206,32
1622694392.748663,26
1622694392.852070,23
1622694392.955828,18
1622694393.091689,16
1622694393.195634,10
1622694393.302398,0
1622694393.411345,0
1622694393.520439,0
1622694393.623817,0
1622694393.726613,0
1622694393.829521,0
1622694393.933339,0
1622694394.037405,0
1622694394.140980,0
1622694394.244441,1
1622694394.348556,1
1622694394.452360,1
1622694394.555658,1
1622694394.659728,1
1622694394.765260,1
1622694394.868673,0
1622694394.972261,1
1622694395.076347,0
1622694395.180104,1
1622694395.287966,1
1622694395.396995,1
1622694395.503582,1
1622694395.612337,1
1622694395.715668,1
1622694395.823915,1
1622694395.936206,1
1622694396.046925,1
1622694396.157057,1
1622694396.282785,0
1622694396.385991,0
1622694396.488940,0
1622694396.592876,0
1622694396.769387,0
1622694396.882012,1
1622694396.985079,0
1622694397.088322,0
1622694397.192545,1
1622694397.311549,1
1622694397.427390,0
1622694397.543735,0
1622694397.656008,0
1622694397.780612,0
1622694397.883630,0
1622694397.986773,0
1622694398.089779,0
1622694398.193095,0
1622694398.296913,0
1622694398.404157,8
1622694398.507751,17
1622694398.611133,23
1622694398.714446,30
1622694398.817274,35
1622694398.921402,29
1622694399.024711,23
1622694399.129849,17
1622694399.233811,11
1622694399.341544,1
1622694399.445927,9
1622694399.549666,15
1622694399.657762,21
1622694399.761291,27
1622694399.867925,34
1622694399.973217,30
1622694400.077260,25
1622694400.180451,20
1622694400.295910,15
1622694400.414319,11
1622694400.531964,0
1622694400.634988,8
1622694400.738869,15
1622694400.842387,22
1622694400.965828,25
1622694401.068991,32
1622694401.180759,29
1622694401.285003,24
1622694401.401396,18
1622694401.522454,13
1622694401.625590,9
1622694401.787542,0
1622694401.892021,0
1622694401.995434,1
1622694402.098714,1
1622694402.205153,0
1622694402.311246,1
1622694402.414428,1
1622694402.517526,1
1622694402.621432,0
1622694402.727422,1
1622694402.836282,1
1622694402.939398,1
1622694403.042583,1
1622694403.149093,1
1622694403.253035,1
1622694403.360699,1
1622694403.464101,1
1622694403.572132,1
1622694403.675618,1
1622694403.779233,0
1622694403.882310,0
1622694403.985686,1
1622694404.094409,1
1622694404.198516,1
1622694404.306169,0
1622694404.415745,1
1622694404.525163,1
1622694404.633886,1
1622694404.738304,1
1622694404.841580,1
1622694404.946920,1
1622694405.050641,0
1622694405.157079,0
1622694405.260660,0
1622694405.369313,1
1622694405.472270,0
1622694405.577898,0
1622694405.680924,0
1622694405.785651,1
1622694405.899568,0
1622694406.008206,1
1622694406.113543,1
1622694406.217370,1
1622694406.326116,0
1622694406.436804,0
1622694406.553851,0
1622694406.661233,0
1622694406.765036,0
1622694406.868076,4
1622694406.971259,12
1622694407.074606,19
1622694407.178279,25
1622694407.284688,31
1622694407.407340,30
1622694407.523420,28
1622694407.637840,22
1622694407.740973,18
1622694407.846655,11
1622694407.949724,5
1622694408.054998,8
1622694408.159264,15
1622694408.262423,21
1622694408.365328,28
1622694408.468398,35
1622694408.572528,30
1622694408.675420,25
1622694408.778533,19
1622694408.882205,13
1622694408.985721,7
1622694409.089673,3
1622694409.193588,13
1622694409.296912,20
1622694409.402416,25
1622694409.505833,35
1622694409.610445,33
1622694409.714262,27
1622694409.817359,20
1622694409.920380,14
1622694410.023396,8
1622694410.126898,0
1622694410.230616,0
1622694410.334560,0
1622694410.441383,0
1622694410.544904,0
1622694410.669773,0
1622694410.774576,0
1622694410.893448,0
1622694411.003098,0
1622694411.114918,0
1622694411.222205,1
1622694411.328316,0
1622694411.432220,0
1622694411.535818,1
1622694411.642260,0
1622694411.749582,0
1622694411.855748,0
1622694411.961832,0
1622694412.071756,0
1622694412.174479,0
1622694412.281015,0
1622694412.384008,0
1622694412.494670,0
1622694412.598517,0
1622694412.701528,0
1622694412.806626,0
1622694412.912519,0
1622694413.016486,0
1622694413.119648,0
1622694413.229723,0
1622694413.341823,0
1622694413.463199,0
1622694413.571303,0
1622694413.674404,0
1622694413.784331,0
1622694413.888037,0
1622694413.991150,1
1622694414.094612,1
1622694414.198352,1
1622694414.302696,1
1622694414.406233,0
1622694414.509548,0
1622694414.613997,1
1622694414.717810,1
1622694414.820869,1
1622694414.924835,0
1622694415.030502,0
1622694415.136091,5
1622694415.240795,12
1622694415.347783,20
1622694415.451310,26
1622694415.554226,34
1622694415.661535,32
1622694415.764688,26
1622694415.868029,19
1622694415.972747,14
1622694416.075597,8
1622694416.179365,8
1622694416.283343,12
1622694416.386425,19
1622694416.493252,26
1622694416.596519,32
1622694416.699383,34
1622694416.802565,28
1622694416.906235,21
1622694417.009650,16
1622694417.112912,9
1622694417.216249,1
1622694417.319309,10
1622694417.422474,16
1622694417.525530,24
1622694417.630046,30
1622694417.732993,34
1622694417.836647,28
1622694417.939486,22
1622694418.043334,16
1622694418.146933,10
1622694418.250031,0
1622694418.352979,0
1622694418.456502,0
1622694418.559700,0
1622694418.669428,0
1622694418.773285,0
1622694418.876733,0
1622694418.979502,0
1622694419.097105,0
1622694419.204947,0
1622694419.314405,0
1622694419.417363,0
1622694419.520438,0
1622694419.624028,0
1622694419.726877,0
1622694419.830086,0
1622694419.933086,1
1622694420.036345,1
1622694420.140026,0
1622694420.243233,0
1622694420.346973,0
1622694420.449853,0
1622694420.552579,0
1622694420.656447,0
1622694420.760266,0
1622694420.863232,0
1622694420.967724,0
1622694421.070834,0
1622694421.174637,0
1622694421.277955,0
1622694421.383963,0
1622694421.487460,0
1622694421.590382,0
1622694421.694065,0
1622694421.799078,0
1622694421.902966,0
1622694422.006805,0
1622694422.111082,0
1622694422.213734,0
1622694422.317230,0
1622694422.421376,0
1622694422.526720,0
1622694422.631647,0
1622694422.735698,0
1622694422.859464,0
1622694422.963185,0
1622694423.066894,1
1622694423.170957,1
1622694423.275150,0
1622694423.378285,10
1622694423.481024,17
1622694423.584604,23
1622694423.688331,31
1622694423.792659,35
1622694423.898224,29
1622694424.001904,22
1622694424.105150,17
1622694424.208550,11
1622694424.314521,0
1622694424.418374,9
1622694424.522865,15
1622694424.629076,23
1622694424.732338,29
1622694424.835389,36
1622694424.939480,29
1622694425.042413,23
1622694425.146697,17
1622694425.250310,12
1622694425.372731,0
1622694425.476522,8
1622694425.580818,12
1622694425.684494,19
1622694425.787962,26
1622694425.891323,33
1622694425.995972,31
1622694426.103694,24
1622694426.210685,18
1622694426.314364,11
1622694426.417920,6
1622694426.521118,0
1622694426.624845,0
1622694426.728153,0
1622694426.834066,0
1622694426.953156,0
1622694427.056543,0
1622694427.159904,1
1622694427.263346,1
1622694427.367466,0
1622694427.470712,0
1622694427.574091,0
1622694427.677078,0
1622694427.780211,0
1622694427.883784,0
1622694427.986922,0
1622694428.090645,0
1622694428.195425,0
1622694428.298880,0
1622694428.401752,0
1622694428.506073,0
1622694428.614519,0
1622694428.717467,0
1622694428.820839,0
1622694428.923715,0
1622694429.027085,0
1622694429.132894,0
1622694429.236028,0
1622694429.340379,0
1622694429.444007,0
1622694429.547234,0
1622694429.651017,0
1622694429.754576,0
1622694429.862626,0
1622694429.982059,0
1622694430.097354,0
1622694430.200436,0
1622694430.303581,0
1622694430.415843,0
1622694430.518927,0
1622694430.621819,0
1622694430.725178,0
1622694430.828941,1
1622694430.933245,1
1622694431.037247,0
1622694431.161005,0
1622694431.264246,0
1622694431.367683,0
1622694431.472138,0
1622694431.575536,9
1622694431.680295,15
1622694431.783735,23
1622694431.890329,29
1622694431.996390,35
1622694432.101150,28
1622694432.204638,23
1622694432.307832,16
1622694432.411404,11
1622694432.521101,1
1622694432.625213,7
1622694432.728603,13
1622694432.833269,17
1622694432.937018,21
1622694433.040266,23
1622694433.193608,26
1622694433.298540,34
1622694433.403275,27
1622694433.507896,21
1622694433.612053,15
1622694433.716514,10
1622694433.834136,1
1622694433.938032,7
1622694434.041330,14
1622694434.144296,22
1622694434.247839,28
1622694434.350773,35
1622694434.454350,30
1622694434.557575,24
1622694434.661681,18
1622694434.764759,13
1622694434.868844,6
1622694435.003601,0
1622694435.106654,0
1622694435.214422,0
1622694435.334679,0
1622694435.441101,0
1622694435.543992,0
1622694435.647016,0
1622694435.763824,0
1622694435.868168,1
1622694435.981614,1
1622694436.099581,1
1622694436.221026,0
1622694436.324908,0
1622694436.428204,0
1622694436.532189,0
1622694436.637609,0
1622694436.740474,0
1622694436.855598,0
1622694436.958806,0
1622694437.063761,0
1622694437.168189,0
1622694437.272090,0
1622694437.375465,0
1622694437.478866,0
1622694437.582819,0
1622694437.696064,0
1622694437.800028,0
1622694437.902942,0
1622694438.024881,0
1622694438.129045,0
1622694438.243559,1
1622694438.355498,0
1622694438.462042,1
1622694438.585660,0
1622694438.693825,0
1622694438.798661,0
1622694438.901777,0
1622694439.005216,0
1622694439.108664,0
1622694439.215344,0
1622694439.318932,0
1622694439.423138,0
1622694439.526142,0
1622694439.647938,0
1622694439.751366,0
1622694439.854377,0
1622694439.959542,7
1622694440.063398,12
1622694440.167036,18
1622694440.270545,27
1622694440.373722,32
1622694440.477528,33
1622694440.580922,26
1622694440.683773,21
1622694440.786751,14
1622694440.890406,9
1622694440.993231,0
1622694441.096969,10
1622694441.199980,17
1622694441.302863,24
1622694441.406011,31
1622694441.509664,34
1622694441.612625,27
1622694441.716009,22
1622694441.819363,15
1622694441.922435,9
1622694442.025586,0
1622694442.130598,8
1622694442.234409,16
1622694442.337922,22
1622694442.441575,30
1622694442.544215,34
1622694442.647231,28
1622694442.750066,22
1622694442.853446,16
1622694442.957571,10
1622694443.061023,0
1622694443.164045,0
1622694443.267327,0
1622694443.370090,0
1622694443.473014,0
1622694443.576270,0
1622694443.680010,1
1622694443.783041,1
1622694443.886990,1
1622694443.990921,0
1622694444.095172,0
1622694444.199326,0
1622694444.302537,0
1622694444.405876,0
1622694444.509245,0
1622694444.612916,0
1622694444.717449,0
1622694444.825689,0
1622694444.928956,0
1622694445.032060,0
1622694445.135575,0
1622694445.239190,0
1622694445.342098,0
1622694445.445020,0
1622694445.547851,0
1622694445.651381,0
1622694445.754212,0
1622694445.856892,0
1622694445.959973,0
1622694446.063287,0
1622694446.166761,0
1622694446.269693,0
1622694446.373201,0
1622694446.476705,0
1622694446.579674,0
1622694446.683721,0
1622694446.787978,0
1622694446.890908,0
1622694446.994753,0
1622694447.097914,0
1622694447.201646,0
1622694447.305305,0
1622694447.409394,0
1622694447.517365,0
1622694447.625641,0
1622694447.731279,1
1622694447.834482,1
1622694447.937629,0
1622694448.040447,0
1622694448.144097,7
1622694448.247013,13
1622694448.350064,20
1622694448.453539,27
1622694448.556603,34
1622694448.660085,32
1622694448.763453,26
1622694448.868471,19
1622694448.972251,14
1622694449.076113,7
1622694449.179597,7
1622694449.283659,12
1622694449.386632,19
1622694449.489829,26
1622694449.593662,33
1622694449.697269,33
1622694449.800274,27
1622694449.903220,20
1622694450.006339,15
1622694450.109345,9
1622694450.212689,0
1622694450.325231,7
1622694450.428252,17
1622694450.532136,25
1622694450.644492,27
1622694450.749525,34
1622694450.854220,29
1622694450.960059,25
1622694451.065246,21
1622694451.174438,15
1622694451.319764,7
1622694451.423109,0
1622694451.540336,0
1622694451.669547,0
1622694451.775975,0
1622694451.881186,0
1622694451.985526,0
1622694452.092440,0
1622694452.196660,1
1622694452.299569,1
1622694452.404822,1
1622694452.525412,0
1622694452.656638,0
1622694452.771703,0
1622694452.885701,0
1622694453.005135,0
1622694453.163889,0
1622694453.270568,0
1622694453.384529,0
1622694453.494678,1
1622694453.609296,0
1622694453.730022,1
1622694453.845365,0
1622694453.948795,0
1622694454.056390,1
1622694454.160772,1
1622694454.266122,1
1622694454.372785,0
1622694454.492771,1
1622694454.610708,1
1622694454.717590,0
1622694454.839614,1
1622694454.952135,1
1622694455.065747,1
1622694455.177201,0
1622694455.284209,0
1622694455.388522,0
1622694455.509851,0
1622694455.634898,0
1622694455.738696,0
1622694455.892063,0
1622694456.004366,0
1622694456.108051,1
1622694456.235434,0
1622694456.338440,0
1622694456.442062,8
1622694456.545926,14
1622694456.649050,21
1622694456.753673,27
1622694456.857903,35
1622694456.960892,30
1622694457.064107,25
1622694457.167526,19
1622694457.271619,13
1622694457.375539,7
1622694457.478678,4
1622694457.582553,13
1622694457.685796,20
1622694457.789180,26
1622694457.892523,34
1622694457.995810,32
1622694458.099151,26
1622694458.203081,20
1622694458.308706,14
1622694458.412762,8
1622694458.516239,0
1622694458.619339,11
1622694458.723143,19
1622694458.828454,25
1622694458.931684,33
1622694459.038774,33
1622694459.143324,26
1622694459.246640,20
1622694459.349638,15
1622694459.453133,9
1622694459.560308,0
1622694459.707155,0
1622694459.833469,0
1622694459.962385,1
1622694460.070396,0
1622694460.216838,0
1622694460.343112,0
1622694460.481269,0
1622694460.606408,0
1622694460.727824,0
1622694460.852918,1
1622694460.971954,0
1622694461.084840,0
1622694461.206541,0
1622694461.310060,0
1622694461.418041,0
1622694461.524149,0
1622694461.673336,1
1622694461.788733,1
1622694461.912417,0
1622694462.016346,1
1622694462.156827,0
1622694462.259671,0
1622694462.396156,1
1622694462.520835,0
1622694462.624997,0
1622694462.751664,0
1622694462.856385,0
1622694462.966462,0
1622694463.097618,0
1622694463.243948,0
1622694463.432695,0
1622694463.536632,1
1622694463.639961,1
1622694463.743861,1
1622694463.911802,0
1622694464.025439,0
1622694464.232968,0
1622694464.363799,0
1622694464.495890,0
1622694464.599077,5
1622694464.702463,12
1622694464.806393,20
1622694464.910095,26
1622694465.013192,34
1622694465.116236,32
1622694465.219694,26
1622694465.323153,20
1622694465.426972,14
1622694465.529856,8
1622694465.633089,0
1622694465.736644,11
1622694465.840670,19
1622694465.943378,25
1622694466.047104,32
1622694466.150408,33
1622694466.253235,26
1622694466.355906,21
1622694466.459377,16
1622694466.563434,9
1622694466.666317,0
1622694466.769755,10
1622694466.873440,16
1622694466.977102,24
1622694467.080506,30
1622694467.183473,35
1622694467.286393,28
1622694467.389083,22
1622694467.492322,16
1622694467.596037,11
1622694467.700339,1
1622694467.803794,0
1622694467.907233,0
1622694468.010899,0
1622694468.127073,0
1622694468.242466,0
1622694468.347325,0
1622694468.450813,0
1622694468.555064,0
1622694468.658317,0
1622694468.762484,0
1622694468.868791,0
1622694468.979723,0
1622694469.083007,0
1622694469.191418,0
1622694469.315719,1
1622694469.429412,0
1622694469.546609,0
1622694469.678749,0
1622694469.785584,1
1622694469.906740,1
1622694470.017419,0
1622694470.153373,1
1622694470.273594,0
1622694470.377478,0
1622694470.484951,0
1622694470.601727,0
1622694470.704894,0
1622694470.808016,0
1622694470.911304,0
1622694471.014594,0
1622694471.117659,0
1622694471.221710,0
1622694471.339421,0
1622694471.458544,0
1622694471.562314,1
1622694471.669386,0
1622694471.792304,1
1622694471.904095,0
1622694472.073475,0
1622694472.197853,1
1622694472.312696,0
1622694472.433203,1
1622694472.555936,1
1622694472.673311,0
1622694472.777386,6
1622694472.882167,13
1622694472.985838,18
1622694473.089068,27
1622694473.192524,33
1622694473.295923,31
1622694473.399433,24
1622694473.504611,19
1622694473.608128,13
1622694473.713186,7
1622694473.816457,4
1622694473.920410,12
1622694474.025989,19
1622694474.130312,26
1622694474.234115,32
1622694474.337592,32
1622694474.440924,25
1622694474.546624,20
1622694474.649761,13
1622694474.752888,8
1622694474.856426,0
1622694474.961972,10
1622694475.065968,16
1622694475.173499,24
1622694475.276616,32
1622694475.382042,34
1622694475.485600,28
1622694475.588436,22
1622694475.691761,16
1622694475.796092,9
1622694475.902191,0
1622694476.005998,0
1622694476.109927,0
1622694476.213645,0
1622694476.317019,0
1622694476.421719,0
1622694476.525819,0
1622694476.629846,0
1622694476.733481,0
1622694476.836535,0
1622694476.940456,0
1622694477.072904,0
1622694477.177114,0
1622694477.280443,0
1622694477.383577,0
1622694477.486526,0
1622694477.590224,0
1622694477.710315,0
1622694477.813451,0
1622694477.917217,0
1622694478.020437,1
1622694478.123693,1
1622694478.227277,1
1622694478.330727,1
1622694478.433885,0
1622694478.537333,0
1622694478.641262,0
1622694478.744981,0
1622694478.849455,0
1622694478.952555,0
1622694479.056669,0
1622694479.160037,0
1622694479.264120,0
1622694479.367648,0
1622694479.471223,0
1622694479.577432,0
1622694479.683343,0
1622694479.786827,0
1622694479.890359,0
1622694480.019351,0
1622694480.123471,0
1622694480.232585,0
1622694480.337714,0
1622694480.441448,0
1622694480.545109,0
1622694480.649597,0
1622694480.753790,1
1622694480.871639,0
1622694480.975014,7
1622694481.078925,15
1622694481.182426,22
1622694481.285932,29
1622694481.388801,36
1622694481.491753,29
1622694481.595051,24
1622694481.698629,17
1622694481.801868,12
1622694481.904702,6
1622694482.007677,7
1622694482.110708,14
1622694482.213878,21
1622694482.316740,28
1622694482.419955,35
1622694482.523144,30
1622694482.626852,25
1622694482.730536,18
1622694482.833490,13
1622694482.938176,7
1622694483.041533,3
1622694483.144668,13
1622694483.251376,20
1622694483.355044,27
1622694483.459314,33
1622694483.563047,31
1622694483.665878,25
1622694483.769453,19
1622694483.873439,13
1622694483.976731,7
1622694484.079543,0
1622694484.182779,0
1622694484.286578,0
1622694484.389853,0
1622694484.493706,0
1622694484.597822,0
1622694484.703540,0
1622694484.807211,0
1622694484.911191,0
1622694485.014880,0
1622694485.118244,0
1622694485.222767,0
1622694485.328576,1
1622694485.437248,1
1622694485.540881,0
1622694485.644114,0
1622694485.747545,0
1622694485.851519,0
1622694485.954680,0
1622694486.058460,0
1622694486.162064,0
1622694486.265578,0
1622694486.370590,0
1622694486.474663,0
1622694486.579034,0
1622694486.682881,0
1622694486.785767,0
1622694486.891519,0
1622694486.999385,0
1622694487.102481,0
1622694487.205392,0
1622694487.308917,0
1622694487.412282,0
1622694487.516412,0
1622694487.620003,0
1622694487.723635,0
1622694487.826818,0
1622694487.931149,0
1622694488.034494,0
1622694488.152331,0
1622694488.255231,0
1622694488.358926,0
1622694488.461822,0
1622694488.564884,0
1622694488.669017,1
1622694488.772229,1
1622694488.875739,0
1622694488.978753,0
1622694489.082820,9
1622694489.186241,12
1622694489.289839,19
1622694489.393454,25
1622694489.497220,32
1622694489.602283,34
1622694489.705440,28
1622694489.808750,21
1622694489.912555,15
1622694490.017023,9
1622694490.121243,0
1622694490.224209,10
1622694490.328024,16
1622694490.434739,24
1622694490.539478,30
1622694490.642698,35
1622694490.746497,28
1622694490.849514,23
1622694490.954458,16
1622694491.057849,11
1622694491.160954,0
1622694491.265335,9
1622694491.371034,17
1622694491.474818,22
1622694491.578978,29
1622694491.682386,32
1622694491.785735,29
1622694491.888740,23
1622694491.992222,17
1622694492.095089,11
1622694492.198230,0
1622694492.322041,0
1622694492.425207,0
1622694492.528918,0
1622694492.632516,0
1622694492.735574,1
1622694492.839339,1
1622694492.942896,0
1622694493.046316,0
1622694493.150675,1
1622694493.253808,1
1622694493.357238,1
1622694493.461477,0
1622694493.565036,0
1622694493.668117,0
1622694493.771540,0
1622694493.874656,0
1622694493.977760,0
1622694494.081483,0
1622694494.184771,0
1622694494.287826,0
1622694494.391459,0
1622694494.494537,0
1622694494.603744,0
1622694494.706550,0
1622694494.809473,0
1622694494.912569,0
1622694495.023670,0
1622694495.132922,0
1622694495.236258,0
1622694495.339624,0
1622694495.457350,0
1622694495.575104,0
1622694495.678470,0
1622694495.782001,0
1622694495.885729,0
1622694495.993499,0
1622694496.097021,0
1622694496.200369,1
1622694496.303572,1
1622694496.406645,0
1622694496.509322,0
1622694496.612922,0
1622694496.717503,0
1622694496.823355,0
1622694496.927383,0
1622694497.032899,0
1622694497.136118,0
