1622694083.634505,0
1622694083.740536,0
1622694083.844186,0
1622694083.952907,0
1622694084.057390,0
1622694084.160165,0
1622694084.264073,0
1622694084.367377,0
1622694084.471313,0
1622694084.574816,0
1622694084.680116,0
1622694084.783268,5
1622694084.893265,19
1622694084.999518,20
1622694085.109581,19
1622694085.212769,20
1622694085.316145,18
1622694085.438096,18
1622694085.541748,17
1622694085.646697,12
1622694085.751768,4
1622694085.854802,0
1622694085.964977,10
1622694086.083811,15
1622694086.186720,18
1622694086.316565,16
1622694086.420373,17
1622694086.524975,19
1622694086.628973,18
1622694086.735116,19
1622694086.839195,18
1622694086.942976,15
1622694087.057818,8
1622694087.161252,2
1622694087.264370,1
1622694087.372947,1
1622694087.476331,0
1622694087.583002,0
1622694087.692376,0
1622694087.812307,0
1622694087.916360,1
1622694088.019690,1
1622694088.123824,4
1622694088.228062,10
1622694088.336616,17
1622694088.445613,17
1622694088.553010,18
1622694088.657275,19
1622694088.760889,17
1622694088.865539,17
1622694088.972528,16
1622694089.076236,10
1622694089.179684,3
1622694089.285482,1
1622694089.388267,1
1622694089.511491,1
1622694089.619573,0
1622694089.723068,0
1622694089.837337,1
1622694089.944067,0
1622694090.047801,0
1622694090.157282,0
1622694090.280150,0
1622694090.383748,0
1622694090.486941,0
1622694090.590802,0
1622694090.694587,0
1622694090.802123,1
1622694090.927858,1
1622694091.033235,0
1622694091.157289,0
1622694091.260889,0
1622694091.365583,0
1622694091.469961,0
1622694091.574055,0
1622694091.681068,0
1622694091.785452,0
1622694091.891863,0
1622694092.000440,0
1622694092.104015,0
1622694092.218608,0
1622694092.326764,0
1622694092.432775,0
1622694092.548908,0
1622694092.652798,0
1622694092.774770,0
1622694092.890453,0
1622694093.000351,1
1622694093.104473,1
1622694093.210179,0
1622694093.323992,0
1622694093.427524,0
1622694093.542693,0
1622694093.647370,0
1622694093.756529,0
1622694093.874248,0
1622694094.000656,1
1622694094.115999,0
1622694094.241050,0
1622694094.348952,0
1622694094.453403,0
1622694094.570121,0
1622694094.686464,0
1622694094.790242,0
1622694094.893136,2
1622694094.997673,7
1622694095.101720,14
1622694095.218992,16
1622694095.322919,17
1622694095.434977,17
1622694095.538178,16
1622694095.641068,18
1622694095.745033,18
1622694095.852631,11
1622694095.956680,5
1622694096.059947,1
1622694096.173746,8
1622694096.286512,15
1622694096.400653,16
1622694096.596702,17
1622694096.708331,19
1622694096.825336,19
1622694096.928781,18
1622694097.032327,14
1622694097.144566,7
1622694097.249740,2
1622694097.367930,4
1622694097.472537,13
1622694097.591822,17
1622694097.696551,18
1622694097.802821,19
1622694097.911909,19
1622694098.022504,18
1622694098.127796,18
1622694098.231174,15
1622694098.334487,9
1622694098.440279,0
1622694098.545199,1
1622694098.648149,0
1622694098.752129,1
1622694098.913682,0
1622694099.022486,0
1622694099.127631,0
1622694099.247847,1
1622694099.386190,0
1622694099.490284,0
1622694099.593462,0
1622694099.700435,0
1622694099.804103,0
1622694099.911152,0
1622694100.014262,0
1622694100.121648,0
1622694100.225992,0
1622694100.358879,0
1622694100.483476,1
1622694100.587824,0
1622694100.783631,0
1622694100.901428,0
1622694101.005249,1
1622694101.108734,1
1622694101.223245,1
1622694101.338922,0
1622694101.452510,0
1622694101.556665,1
1622694101.659726,1
1622694101.763575,1
1622694101.868899,0
1622694101.977731,1
1622694102.081070,1
1622694102.186380,1
1622694102.289433,0
1622694102.398296,0
1622694102.507963,0
1622694102.611681,0
1622694102.724715,0
1622694102.830764,0
1622694102.936102,0
1622694103.046339,0
1622694103.158485,0
1622694103.262068,0
1622694103.364868,0
1622694103.468727,0
1622694103.572777,9
1622694103.675587,14
1622694103.780727,18
1622694103.886670,17
1622694103.992801,18
1622694104.095900,18
1622694104.200490,19
1622694104.304470,18
1622694104.407271,11
1622694104.511638,5
1622694104.615435,5
1622694104.722978,12
1622694104.826432,17
1622694104.938352,17
1622694105.045477,19
1622694105.156380,18
1622694105.261519,18
1622694105.370297,18
1622694105.474834,12
1622694105.591927,6
1622694105.696015,1
1622694105.799768,1
1622694105.904706,1
1622694106.008663,1
1622694106.112009,0
1622694106.220121,0
1622694106.328861,0
1622694106.434643,7
1622694106.539614,14
1622694106.654016,17
1622694106.757484,17
1622694106.869280,18
1622694106.973407,17
1622694107.076761,18
1622694107.180643,19
1622694107.285764,15
1622694107.389143,11
1622694107.492882,5
1622694107.597295,0
1622694107.700218,0
1622694107.803435,0
1622694107.906206,0
1622694108.009589,0
1622694108.113242,0
1622694108.216885,0
1622694108.322538,0
1622694108.425345,0
1622694108.528830,0
1622694108.631705,0
1622694108.735031,0
1622694108.837889,0
1622694108.941981,0
1622694109.046130,0
1622694109.149265,0
1622694109.252625,0
1622694109.356062,0
1622694109.458919,0
1622694109.562583,0
1622694109.666163,0
1622694109.768958,0
1622694109.872908,0
1622694109.975822,0
1622694110.079860,0
1622694110.187895,0
1622694110.291723,0
1622694110.394922,0
1622694110.499112,0
1622694110.602128,0
1622694110.705524,0
1622694110.808705,0
1622694110.911970,0
1622694111.015869,0
1622694111.119523,0
1622694111.222888,0
1622694111.327143,0
1622694111.430050,1
1622694111.533137,1
1622694111.637222,0
1622694111.740971,0
1622694111.847293,0
1622694111.952306,0
1622694112.057016,0
1622694112.161817,0
1622694112.265056,0
1622694112.368753,0
1622694112.472614,0
1622694112.576972,0
1622694112.689355,8
1622694112.795663,17
1622694112.910610,17
1622694113.016246,17
1622694113.120744,19
1622694113.225077,18
1622694113.328773,18
1622694113.431925,13
1622694113.535456,8
1622694113.638658,0
1622694113.742095,9
1622694113.847108,15
1622694113.951408,18
1622694114.056736,18
1622694114.162688,19
1622694114.266998,18
1622694114.370028,18
1622694114.473862,14
1622694114.577444,9
1622694114.686863,1
1622694114.790299,7
1622694114.894244,15
1622694114.997869,17
1622694115.101245,18
1622694115.205623,18
1622694115.308714,18
1622694115.412573,18
1622694115.515846,15
1622694115.619444,9
1622694115.723177,2
1622694115.826989,0
1622694115.929996,0
1622694116.033520,1
1622694116.136471,1
1622694116.239512,1
1622694116.342691,0
1622694116.445654,0
1622694116.548529,0
1622694116.652007,0
1622694116.754908,0
1622694116.857819,0
1622694116.961038,0
1622694117.063815,0
1622694117.168910,0
1622694117.271728,0
1622694117.375946,0
1622694117.479391,0
1622694117.592037,0
1622694117.695148,0
1622694117.799187,0
1622694117.902226,0
1622694118.019492,0
1622694118.123145,0
1622694118.232460,0
1622694118.336907,0
1622694118.440830,0
1622694118.545049,0
1622694118.649323,0
1622694118.752330,0
1622694118.855674,0
1622694118.959260,0
1622694119.063621,0
1622694119.167958,1
1622694119.272036,0
1622694119.375628,0
1622694119.480033,0
1622694119.583795,0
1622694119.689064,0
1622694119.793889,0
1622694119.898107,0
1622694120.003035,0
1622694120.108736,0
1622694120.213660,0
1622694120.318236,0
1622694120.432554,0
1622694120.555820,0
1622694120.660407,0
1622694120.766531,0
1622694120.870508,7
1622694120.974050,12
1622694121.079545,17
1622694121.204748,16
1622694121.309214,18
1622694121.412439,17
1622694121.520766,18
1622694121.623809,18
1622694121.729612,14
1622694121.834645,8
1622694121.937909,0
1622694122.043154,9
1622694122.147349,16
1622694122.251371,18
1622694122.356343,19
1622694122.459776,19
1622694122.564956,19
1622694122.668337,19
1622694122.772966,16
1622694122.877768,9
1622694122.994984,0
1622694123.101817,8
1622694123.205256,15
1622694123.308900,18
1622694123.412789,18
1622694123.516245,18
1622694123.619572,18
1622694123.725985,18
1622694123.829522,15
1622694123.933692,9
1622694124.038297,2
1622694124.147457,0
1622694124.254122,0
1622694124.359739,0
1622694124.464827,1
1622694124.569404,1
1622694124.672647,1
1622694124.776169,1
1622694124.879304,0
1622694124.983178,0
1622694125.087526,0
1622694125.192713,0
1622694125.297657,0
1622694125.400657,0
1622694125.509471,0
1622694125.614625,0
1622694125.721258,0
1622694125.825007,0
1622694125.929239,0
1622694126.034483,0
1622694126.137383,0
1622694126.241278,0
1622694126.344940,0
1622694126.449215,0
1622694126.552281,0
1622694126.657227,0
1622694126.761324,0
1622694126.866040,0
1622694126.969058,0
1622694127.080572,0
1622694127.186706,0
1622694127.291952,0
1622694127.396105,0
1622694127.500030,0
1622694127.603711,0
1622694127.708656,0
1622694127.812897,0
1622694127.916939,0
1622694128.027511,1
1622694128.130869,1
1622694128.233920,0
1622694128.337329,0
1622694128.440540,0
1622694128.543529,0
1622694128.646626,0
1622694128.751972,0
1622694128.860357,0
1622694128.963961,0
1622694129.067427,0
1622694129.174463,9
1622694129.280195,16
1622694129.387212,18
1622694129.491286,18
1622694129.594691,19
1622694129.698131,19
1622694129.801702,19
1622694129.909527,15
1622694130.013019,9
1622694130.120904,0
1622694130.224268,7
1622694130.328624,15
1622694130.431725,17
1622694130.536685,18
1622694130.641338,18
1622694130.744066,18
1622694130.847807,18
1622694130.951401,15
1622694131.055923,9
1622694131.184470,2
1622694131.288835,9
1622694131.392402,15
1622694131.497198,18
1622694131.600741,18
1622694131.704127,19
1622694131.812810,18
1622694131.916811,19
1622694132.020616,16
1622694132.129748,9
1622694132.233550,1
1622694132.337112,0
1622694132.440741,0
1622694132.546526,0
1622694132.650927,0
1622694132.755031,0
1622694132.858107,0
1622694132.962162,0
1622694133.069015,0
1622694133.180315,0
1622694133.284116,0
1622694133.388459,0
1622694133.491986,0
1622694133.596762,0
1622694133.702341,1
1622694133.805875,1
1622694133.909122,1
1622694134.013304,0
1622694134.117030,0
1622694134.220923,0
1622694134.325639,0
1622694134.428587,0
1622694134.532708,0
1622694134.636224,0
1622694134.740246,0
1622694134.845730,0
1622694134.951252,0
1622694135.054815,0
1622694135.158078,0
1622694135.261258,0
1622694135.364931,0
1622694135.469218,0
1622694135.575655,0
1622694135.680920,0
1622694135.785682,1
1622694135.889026,1
1622694135.994232,0
1622694136.097582,0
1622694136.203661,0
1622694136.307715,0
1622694136.411999,0
1622694136.516345,1
1622694136.623628,0
1622694136.729510,1
1622694136.837026,0
1622694136.946036,0
1622694137.055404,0
1622694137.159315,0
1622694137.262954,1
1622694137.366805,9
1622694137.471169,17
1622694137.577033,17
1622694137.683018,17
1622694137.800313,16
1622694137.916463,16
1622694138.020031,18
1622694138.128015,17
1622694138.237108,10
1622694138.341016,4
1622694138.455154,3
1622694138.566652,9
1622694138.673348,14
1622694138.776747,18
1622694138.883946,18
1622694138.989291,18
1622694139.093735,19
1622694139.197491,18
1622694139.302395,17
1622694139.408371,19
1622694139.512592,16
1622694139.616426,9
1622694139.719998,0
1622694139.823064,0
1622694139.942161,0
1622694140.060200,1
1622694140.179428,0
1622694140.296863,1
1622694140.412140,0
1622694140.515521,0
1622694140.629766,9
1622694140.754057,15
1622694140.869092,17
1622694140.983905,17
1622694141.089490,18
1622694141.195008,19
1622694141.300015,19
1622694141.405638,18
1622694141.530707,9
1622694141.658398,3
1622694141.770749,0
1622694141.896644,0
1622694142.002156,0
1622694142.127562,0
1622694142.254274,0
1622694142.357589,1
1622694142.461648,1
1622694142.566146,0
1622694142.669169,0
1622694142.773007,1
1622694142.876663,1
1622694142.980642,0
1622694143.086320,0
1622694143.189893,0
1622694143.293091,0
1622694143.397623,0
1622694143.501756,0
1622694143.605982,0
1622694143.709814,0
1622694143.812462,0
1622694143.918351,0
1622694144.022331,0
1622694144.128070,0
1622694144.233897,0
1622694144.337284,0
1622694144.441490,0
1622694144.546253,0
1622694144.649332,0
1622694144.752885,0
1622694144.859169,0
1622694144.963885,0
1622694145.067856,0
1622694145.172046,0
1622694145.276330,0
1622694145.379868,0
1622694145.483446,0
1622694145.587462,0
1622694145.691098,0
1622694145.796871,0
1622694145.899927,0
1622694146.003503,0
1622694146.107493,0
1622694146.212034,1
1622694146.317934,0
1622694146.421761,0
1622694146.525247,0
1622694146.629488,0
1622694146.732852,8
1622694146.836371,12
1622694146.940224,18
1622694147.043862,18
1622694147.147638,19
1622694147.251405,19
1622694147.356024,19
1622694147.460234,19
1622694147.564732,13
1622694147.669605,6
1622694147.773585,0
1622694147.881830,9
1622694147.985577,15
1622694148.089019,18
1622694148.192330,18
1622694148.296831,19
1622694148.401184,19
1622694148.504622,18
1622694148.607952,18
1622694148.712515,14
1622694148.817078,8
1622694148.921158,0
1622694149.025257,6
1622694149.129156,15
1622694149.246704,16
1622694149.359423,17
1622694149.462545,18
1622694149.569010,18
1622694149.672648,17
1622694149.776474,14
1622694149.886137,7
1622694149.991355,3
1622694150.094459,0
1622694150.198036,0
1622694150.301488,0
1622694150.406935,0
1622694150.510766,0
1622694150.614399,0
1622694150.717775,0
1622694150.821191,0
1622694150.927209,0
1622694151.030122,0
1622694151.133303,0
1622694151.236073,0
1622694151.341086,0
1622694151.444345,0
1622694151.548809,0
1622694151.652254,0
1622694151.756557,0
1622694151.867904,0
1622694151.972140,0
1622694152.075907,0
1622694152.180657,0
1622694152.285817,0
1622694152.389712,0
1622694152.493658,0
1622694152.597580,0
1622694152.701320,0
1622694152.805572,0
1622694152.928179,0
1622694153.033149,0
1622694153.136940,0
1622694153.240526,0
1622694153.346446,0
1622694153.450661,0
1622694153.553699,0
1622694153.657007,0
1622694153.760134,0
1622694153.865289,0
1622694153.969095,0
1622694154.072456,0
1622694154.176197,0
1622694154.288204,0
1622694154.392574,0
1622694154.498369,0
1622694154.601592,0
1622694154.705256,0
1622694154.810591,0
1622694154.914233,0
1622694155.023582,0
1622694155.132214,8
1622694155.235665,13
1622694155.339870,17
1622694155.448766,16
1622694155.558719,19
1622694155.662190,19
1622694155.767937,19
1622694155.877657,18
1622694155.994031,11
1622694156.097723,5
1622694156.201553,5
1622694156.307842,12
1622694156.415437,17
1622694156.520643,18
1622694156.626438,19
1622694156.730699,19
1622694156.834623,19
1622694156.937865,18
1622694157.040874,14
1622694157.143634,9
1622694157.247746,7
1622694157.353794,1
1622694157.458738,11
1622694157.563246,18
1622694157.671383,17
1622694157.774312,19
1622694157.878134,19
1622694157.995852,18
1622694158.099966,17
1622694158.208315,13
1622694158.311841,7
1622694158.416336,1
1622694158.521406,1
1622694158.630628,0
1622694158.733911,1
1622694158.839106,1
1622694158.942448,0
1622694159.051310,0
1622694159.155034,0
1622694159.260833,0
1622694159.364333,0
1622694159.473191,0
1622694159.578436,0
1622694159.692057,0
1622694159.796598,0
1622694159.902528,0
1622694160.005249,0
1622694160.109236,0
1622694160.224845,0
1622694160.333696,0
1622694160.437332,0
1622694160.541093,1
1622694160.645746,1
1622694160.750195,1
1622694160.857701,0
1622694160.961142,0
1622694161.070456,0
1622694161.173685,0
1622694161.277107,0
1622694161.380455,0
1622694161.489255,0
1622694161.592533,0
1622694161.695342,1
1622694161.800142,1
1622694161.903746,0
1622694162.012884,0
1622694162.120926,0
1622694162.225463,1
1622694162.329231,1
1622694162.433041,0
1622694162.536463,0
1622694162.639332,0
1622694162.742814,1
1622694162.847059,1
1622694162.950601,1
1622694163.053931,0
1622694163.156850,1
1622694163.260183,0
1622694163.363915,0
1622694163.469003,7
1622694163.573271,11
1622694163.678051,17
1622694163.781260,18
1622694163.884863,18
1622694163.990704,19
1622694164.094493,19
1622694164.200397,18
1622694164.303912,14
1622694164.407359,8
1622694164.513007,0
1622694164.616657,8
1622694164.727860,14
1622694164.832234,18
1622694164.936105,17
1622694165.038893,18
1622694165.147602,19
1622694165.251713,19
1622694165.355223,17
1622694165.459105,12
1622694165.564251,5
1622694165.668617,9
1622694165.771832,11
1622694165.875134,16
1622694165.981985,18
1622694166.086211,17
1622694166.189413,17
1622694166.298610,18
1622694166.406575,18
1622694166.559510,16
1622694166.663921,9
1622694166.768481,1
1622694166.876840,1
1622694166.990684,0
1622694167.099565,0
1622694167.203865,0
1622694167.317646,0
1622694167.421103,0
1622694167.525699,0
1622694167.628750,0
1622694167.732648,0
1622694167.838863,0
1622694167.960231,0
1622694168.066695,0
1622694168.174587,0
1622694168.292470,0
1622694168.395974,0
1622694168.512938,0
1622694168.616264,0
1622694168.719838,0
1622694168.823895,0
1622694168.928166,0
1622694169.031730,0
1622694169.142982,0
1622694169.251892,1
1622694169.363866,1
1622694169.470686,1
1622694169.580541,0
1622694169.693099,0
1622694169.805209,0
1622694169.908611,0
1622694170.026321,0
1622694170.152207,0
1622694170.256031,0
1622694170.442465,0
1622694170.549437,0
1622694170.652840,1
1622694170.784740,0
1622694170.913950,0
1622694171.020726,0
1622694171.146255,0
1622694171.253409,0
1622694171.382570,0
1622694171.505055,0
1622694171.626396,0
1622694171.747725,0
1622694171.850996,4
1622694171.955600,8
1622694172.060513,16
1622694172.168876,17
1622694172.272573,18
1622694172.376753,17
1622694172.479925,17
1622694172.589656,17
1622694172.693739,16
1622694172.796883,11
1622694172.900134,5
1622694173.005904,7
1622694173.109208,8
1622694173.213317,16
1622694173.321273,16
1622694173.425963,17
1622694173.529353,18
1622694173.633000,18
1622694173.739808,19
1622694173.844139,19
1622694173.947630,16
1622694174.059395,8
1622694174.180974,1
1622694174.285568,6
1622694174.390374,11
1622694174.493519,16
1622694174.597018,17
1622694174.705558,18
1622694174.816597,18
1622694174.920845,18
1622694175.025349,18
1622694175.128888,17
1622694175.232671,10
1622694175.338003,5
1622694175.442873,0
1622694175.546370,1
1622694175.651913,0
1622694175.770936,1
1622694175.875128,0
1622694176.000734,0
1622694176.120940,0
1622694176.243003,0
1622694176.379928,0
1622694176.569910,0
1622694176.689045,1
1622694176.794311,1
1622694176.971044,0
1622694177.119249,0
1622694177.236639,1
1622694177.341391,0
1622694177.459012,0
1622694177.571683,1
1622694177.699926,0
1622694177.806072,0
1622694177.911618,0
1622694178.069467,0
1622694178.172344,0
1622694178.301593,0
1622694178.448663,0
1622694178.568920,0
1622694178.687981,1
1622694178.792611,0
1622694178.916678,0
1622694179.060052,0
1622694179.173604,1
1622694179.295862,1
1622694179.414402,0
1622694179.532624,0
1622694179.635564,0
1622694179.739714,0
1622694179.849788,0
1622694179.969352,0
1622694180.073790,0
1622694180.181327,1
1622694180.310828,1
1622694180.418911,0
1622694180.523684,7
1622694180.627858,14
1622694180.735947,18
1622694180.840177,18
1622694180.944068,19
1622694181.059944,17
1622694181.172668,17
1622694181.285824,12
1622694181.389129,6
1622694181.492564,0
1622694181.597301,5
1622694181.704072,15
1622694181.809277,16
1622694181.922054,17
1622694182.029218,17
1622694182.132692,18
1622694182.240139,17
1622694182.360518,17
1622694182.502070,13
1622694182.607092,6
1622694182.709726,0
1622694182.840929,9
1622694182.945032,14
1622694183.099729,17
1622694183.248729,17
1622694183.354196,18
1622694183.459845,18
1622694183.565360,19
1622694183.669322,18
1622694183.772388,15
1622694183.876446,8
1622694183.979686,4
1622694184.082694,0
1622694184.200227,0
1622694184.303178,0
1622694184.407585,0
1622694184.520768,0
1622694184.634929,0
1622694184.751541,0
1622694184.856466,0
1622694184.960535,1
1622694185.063956,1
1622694185.168195,1
1622694185.271467,0
1622694185.375124,0
1622694185.479823,0
1622694185.584116,0
1622694185.687343,0
1622694185.792116,0
1622694185.896126,0
1622694185.999006,0
1622694186.102397,0
1622694186.205647,0
1622694186.312968,0
1622694186.434540,0
1622694186.538561,0
1622694186.654675,0
1622694186.789353,0
1622694186.895562,1
1622694187.000285,1
1622694187.107702,0
1622694187.211116,0
1622694187.314476,0
1622694187.420518,0
1622694187.525411,0
1622694187.628406,0
1622694187.732062,0
1622694187.837647,0
1622694187.941380,0
1622694188.044463,0
1622694188.148416,0
1622694188.251964,0
1622694188.356461,0
1622694188.459937,0
1622694188.564698,0
1622694188.667855,0
1622694188.771330,0
1622694188.875133,0
1622694188.981235,0
1622694189.086595,6
1622694189.191272,11
1622694189.294395,18
1622694189.397723,17
1622694189.500770,17
1622694189.605446,18
1622694189.708675,19
1622694189.811930,19
1622694189.915252,13
1622694190.018662,8
1622694190.135849,3
1622694190.239599,7
1622694190.356333,11
1622694190.461016,18
1622694190.568386,17
1622694190.768826,17
1622694190.878335,16
1622694191.019253,18
1622694191.125363,18
1622694191.229141,15
1622694191.335378,9
1622694191.438117,4
1622694191.542028,7
1622694191.648261,7
1622694191.752612,18
1622694191.856846,17
1622694191.960171,17
1622694192.065449,18
1622694192.180367,17
1622694192.325795,18
1622694192.437988,13
1622694192.541193,7
1622694192.645752,0
1622694192.749171,0
1622694192.853305,0
1622694193.065519,0
1622694193.168382,0
1622694193.271543,1
1622694193.375699,1
1622694193.479185,1
1622694193.584716,0
1622694193.690095,1
1622694193.794465,1
1622694193.907924,0
1622694194.011525,1
1622694194.127307,1
1622694194.239223,0
1622694194.354731,0
1622694194.457773,0
1622694194.562163,0
1622694194.665671,0
1622694194.769196,0
1622694194.872632,0
1622694194.976835,0
1622694195.079892,0
1622694195.182841,0
1622694195.287944,0
1622694195.393216,0
1622694195.496606,0
1622694195.599841,0
1622694195.703973,0
1622694195.807006,0
1622694195.912131,0
1622694196.020177,0
1622694196.124389,0
1622694196.228315,0
1622694196.370191,0
1622694196.473266,0
1622694196.576567,0
1622694196.699321,1
1622694196.807874,0
1622694196.915833,0
1622694197.020946,0
1622694197.124514,0
1622694197.228135,0
1622694197.332055,0
1622694197.437602,0
1622694197.544467,0
1622694197.648091,0
1622694197.754804,7
1622694197.862889,16
1622694197.968415,17
1622694198.072550,18
1622694198.175683,18
1622694198.279198,16
1622694198.386520,17
1622694198.490355,15
1622694198.593145,10
1622694198.697035,5
1622694198.806828,4
1622694198.915682,12
1622694199.019803,15
1622694199.123153,17
1622694199.227963,17
1622694199.331734,17
1622694199.435389,18
1622694199.539056,18
1622694199.642848,14
1622694199.746500,9
1622694199.864609,1
1622694199.972636,9
1622694200.077260,15
1622694200.190888,17
1622694200.308757,16
1622694200.412625,18
1622694200.522353,17
1622694200.627348,17
1622694200.731367,17
1622694200.835000,11
1622694200.938549,4
1622694201.042131,0
1622694201.146072,0
1622694201.255870,0
1622694201.364555,0
1622694201.467940,0
1622694201.575229,0
1622694201.680890,0
1622694201.784293,0
1622694201.896582,0
1622694202.015667,0
1622694202.134555,0
1622694202.263397,0
1622694202.366966,0
1622694202.471074,1
1622694202.575263,0
1622694202.686015,1
1622694202.793861,0
1622694202.905042,0
1622694203.028092,0
1622694203.143049,0
1622694203.251328,0
1622694203.356379,1
1622694203.462112,1
1622694203.571892,0
1622694203.684086,0
1622694203.810784,0
1622694203.918150,0
1622694204.021917,1
1622694204.128368,0
1622694204.235594,0
1622694204.338837,1
1622694204.442098,1
1622694204.547564,1
1622694204.651402,0
1622694204.754754,0
1622694204.858561,0
1622694204.962323,1
1622694205.066008,1
1622694205.169201,1
1622694205.272908,1
1622694205.376043,1
1622694205.479893,0
1622694205.586614,0
1622694205.691291,0
1622694205.799743,0
1622694205.905611,1
1622694206.009650,0
1622694206.113510,10
1622694206.220261,17
1622694206.330699,17
1622694206.433851,18
1622694206.537223,19
1622694206.642883,19
1622694206.748571,18
1622694206.853004,19
1622694206.957422,12
1622694207.060623,7
1622694207.166105,1
1622694207.274939,10
1622694207.378412,17
1622694207.481456,18
1622694207.585162,19
1622694207.688094,19
1622694207.792740,19
1622694207.896725,19
1622694208.000066,14
1622694208.104659,8
1622694208.208000,0
1622694208.317391,0
1622694208.436567,0
1622694208.540645,0
1622694208.645048,0
1622694208.760839,0
1622694208.865172,8
1622694208.968120,12
1622694209.072674,17
1622694209.176288,18
1622694209.284436,18
1622694209.388346,18
1622694209.492656,18
1622694209.596702,16
1622694209.701208,9
1622694209.805290,3
1622694209.908716,0
1622694210.012630,0
1622694210.115746,1
1622694210.219686,1
1622694210.323519,0
1622694210.427311,0
1622694210.533708,0
1622694210.639375,0
1622694210.742543,0
1622694210.846428,0
1622694210.949974,0
1622694211.053111,0
1622694211.157695,0
1622694211.262426,0
1622694211.368708,0
1622694211.475437,0
1622694211.581056,0
1622694211.684087,0
1622694211.788361,0
1622694211.891600,0
1622694211.996213,0
1622694212.099590,0
1622694212.212879,0
1622694212.323400,0
1622694212.426748,0
1622694212.530913,0
1622694212.634808,0
1622694212.742635,0
1622694212.850801,0
1622694212.955746,0
1622694213.061606,1
1622694213.166037,0
1622694213.270279,0
1622694213.373318,0
1622694213.476783,0
1622694213.580078,0
1622694213.684213,0
1622694213.787557,0
1622694213.892383,0
1622694214.002605,0
1622694214.107238,0
1622694214.212745,0
1622694214.316229,0
1622694214.420373,0
1622694214.523714,0
1622694214.647388,0
1622694214.757193,0
1622694214.863231,0
1622694214.967980,8
1622694215.072264,15
1622694215.176387,17
1622694215.280190,18
1622694215.385179,18
1622694215.488733,18
1622694215.591442,18
1622694215.697183,14
1622694215.800872,8
1622694215.908646,1
1622694216.013084,8
1622694216.116382,16
1622694216.224171,18
1622694216.328426,18
1622694216.432331,19
1622694216.538437,19
1622694216.645195,19
1622694216.748323,16
1622694216.853266,9
1622694216.973246,0
1622694217.077177,7
1622694217.181097,15
1622694217.285244,18
1622694217.389795,18
1622694217.493082,18
1622694217.598583,18
1622694217.702387,18
1622694217.806829,15
1622694217.912352,9
1622694218.016445,2
1622694218.120529,0
1622694218.228357,0
1622694218.331282,0
1622694218.435485,0
1622694218.539340,0
1622694218.642501,1
1622694218.749258,0
1622694218.854598,0
1622694218.958227,0
1622694219.061574,0
1622694219.165093,0
1622694219.268370,0
1622694219.372309,0
1622694219.475627,0
1622694219.581586,0
1622694219.685999,0
1622694219.801543,0
1622694219.905096,0
1622694220.020523,0
1622694220.138620,0
1622694220.243065,0
1622694220.346723,0
1622694220.450423,0
1622694220.553998,0
1622694220.657812,0
1622694220.761905,0
1622694220.865137,0
1622694220.968419,1
1622694221.071589,1
1622694221.174482,1
1622694221.277881,0
1622694221.384801,0
1622694221.487705,0
1622694221.591113,0
1622694221.695539,0
1622694221.801410,0
1622694221.905276,0
1622694222.013264,0
1622694222.116821,0
1622694222.220700,0
1622694222.329096,0
1622694222.443647,0
1622694222.547654,0
1622694222.652738,0
1622694222.756313,0
1622694222.865762,0
1622694222.970376,0
1622694223.074052,1
1622694223.177200,9
1622694223.280702,17
1622694223.383684,17
1622694223.488500,18
1622694223.591863,18
1622694223.701054,18
1622694223.804474,18
1622694223.908571,13
1622694224.015244,7
1622694224.119193,1
1622694224.224071,10
1622694224.329175,17
1622694224.432601,17
1622694224.536170,19
1622694224.639245,18
1622694224.743856,19
1622694224.847289,19
1622694224.950279,14
1622694225.054494,8
1622694225.158344,0
1622694225.262115,0
1622694225.365317,0
1622694225.468316,0
1622694225.572226,0
1622694225.677405,0
1622694225.780976,5
1622694225.885461,12
1622694225.990750,17
1622694226.094074,18
1622694226.197362,18
1622694226.300841,18
1622694226.403887,18
1622694226.507425,19
1622694226.610532,11
1622694226.713300,6
1622694226.818684,0
1622694226.923134,0
1622694227.027121,0
1622694227.130927,0
1622694227.235752,0
1622694227.338603,0
1622694227.441358,0
1622694227.548264,0
1622694227.651067,0
1622694227.754288,0
1622694227.858376,0
1622694227.963708,0
1622694228.088983,1
1622694228.192167,0
1622694228.295885,0
1622694228.403648,0
1622694228.507306,0
1622694228.611516,0
1622694228.715309,0
1622694228.821131,0
1622694228.925270,0
1622694229.028601,0
1622694229.131757,0
1622694229.237739,0
1622694229.345528,0
1622694229.449146,0
1622694229.554847,0
1622694229.659878,0
1622694229.765486,0
1622694229.869316,0
1622694229.972850,0
1622694230.076606,0
1622694230.181257,0
1622694230.286084,0
1622694230.389737,0
1622694230.492528,0
1622694230.595313,0
1622694230.698835,1
1622694230.801986,1
1622694230.905558,1
1622694231.008994,0
1622694231.112139,0
1622694231.215381,0
1622694231.318391,0
1622694231.421911,0
1622694231.527101,0
1622694231.630690,0
1622694231.734311,0
1622694231.841423,8
1622694231.944613,12
1622694232.049433,18
1622694232.152857,19
1622694232.256489,19
1622694232.359282,19
1622694232.463051,19
1622694232.566852,19
1622694232.671170,13
1622694232.775000,7
1622694232.878322,1
1622694232.981879,10
1622694233.086439,17
1622694233.189749,18
1622694233.293182,18
1622694233.396627,19
1622694233.501377,18
1622694233.605361,19
1622694233.709125,13
1622694233.812489,8
1622694233.916986,0
1622694234.020563,8
1622694234.124650,15
1622694234.227627,17
1622694234.333691,18
1622694234.436996,18
1622694234.542350,18
1622694234.648378,18
1622694234.752115,14
1622694234.855109,8
1622694234.958450,0
1622694235.068466,0
1622694235.180377,0
1622694235.283592,0
1622694235.388387,0
1622694235.494774,0
1622694235.603268,0
1622694235.709185,0
1622694235.823154,0
1622694235.926035,0
1622694236.029728,0
1622694236.135731,0
1622694236.244233,0
1622694236.351325,0
1622694236.454144,0
1622694236.559453,1
1622694236.666045,0
1622694236.773076,0
1622694236.885614,0
1622694236.995347,0
1622694237.104218,0
1622694237.208726,0
1622694237.314277,1
1622694237.418174,1
1622694237.523422,1
1622694237.631499,0
1622694237.735229,0
1622694237.842849,0
1622694237.946182,0
1622694238.148320,0
1622694238.261670,1
1622694238.388147,0
1622694238.491860,0
1622694238.614873,0
1622694238.725449,0
1622694238.837774,0
1622694238.948405,0
1622694239.072480,0
1622694239.179386,0
1622694239.291314,0
1622694239.395288,0
1622694239.499248,0
1622694239.603544,0
1622694239.707082,0
1622694239.809735,0
1622694239.913721,1
1622694240.020160,0
1622694240.124001,11
1622694240.226962,17
1622694240.330824,18
1622694240.434561,18
1622694240.538550,18
1622694240.641995,19
1622694240.746142,20
1622694240.850599,13
1622694240.953593,7
1622694241.056806,1
1622694241.161472,10
1622694241.264960,18
1622694241.368372,18
1622694241.472163,18
1622694241.576102,19
1622694241.679257,19
1622694241.782502,19
1622694241.886000,14
1622694241.989594,8
1622694242.092930,0
1622694242.196151,9
1622694242.300174,15
1622694242.404941,18
1622694242.508985,18
1622694242.612415,18
1622694242.715328,19
1622694242.819022,18
1622694242.923729,16
1622694243.028008,10
1622694243.131261,3
1622694243.238749,0
1622694243.342542,0
1622694243.460067,0
1622694243.563743,0
1622694243.667358,0
1622694243.770780,0
1622694243.897810,0
1622694244.001557,1
1622694244.105053,1
1622694244.211953,0
1622694244.315860,0
1622694244.419518,0
1622694244.523869,0
1622694244.629997,0
1622694244.733318,0
1622694244.837200,0
1622694244.942272,0
1622694245.047218,0
1622694245.151084,0
1622694245.256072,0
1622694245.360620,0
1622694245.476246,0
1622694245.587075,0
1622694245.692999,0
1622694245.797464,0
1622694245.901103,0
1622694246.015012,0
1622694246.118323,0
1622694246.222389,0
1622694246.327186,0
1622694246.445196,0
1622694246.549876,0
1622694246.653098,0
1622694246.756721,0
1622694246.866356,0
1622694246.969605,0
1622694247.073545,1
1622694247.177151,1
1622694247.281375,0
1622694247.385607,0
1622694247.488655,0
1622694247.592797,0
1622694247.696613,0
1622694247.800330,0
1622694247.903816,0
1622694248.006791,0
1622694248.115407,0
1622694248.220679,4
1622694248.323848,12
1622694248.427862,17
1622694248.531010,18
1622694248.634277,19
1622694248.740995,19
1622694248.844506,19
1622694248.948014,19
1622694249.051816,13
1622694249.155339,7
1622694249.259125,0
1622694249.363790,10
1622694249.467502,17
1622694249.571481,18
1622694249.675452,18
1622694249.778305,18
1622694249.881696,18
1622694249.985354,19
1622694250.088943,13
1622694250.192027,7
1622694250.294977,0
1622694250.399361,8
1622694250.504694,14
1622694250.608392,17
1622694250.712165,18
1622694250.815254,18
1622694250.918895,18
1622694251.022823,18
1622694251.128401,14
1622694251.232221,8
1622694251.335454,1
1622694251.440610,0
1622694251.544236,0
1622694251.647354,0
1622694251.750736,0
1622694251.854712,0
1622694251.958915,0
1622694252.063486,0
1622694252.169272,0
1622694252.272532,0
1622694252.376687,0
1622694252.485225,0
1622694252.588424,0
1622694252.698483,0
1622694252.805207,0
1622694252.912429,0
1622694253.032032,0
1622694253.155284,0
1622694253.259235,0
1622694253.367401,0
1622694253.470477,0
1622694253.574236,0
1622694253.682043,1
1622694253.787208,0
1622694253.891964,0
1622694253.995533,0
1622694254.103988,0
1622694254.206928,0
1622694254.310052,1
1622694254.413489,1
1622694254.518732,1
1622694254.622210,1
1622694254.726139,0
1622694254.829958,0
1622694254.934535,0
1622694255.038627,0
1622694255.141692,0
1622694255.247708,0
1622694255.350809,0
1622694255.455382,0
1622694255.559868,0
1622694255.664358,0
1622694255.767956,0
1622694255.871864,0
1622694255.975688,0
1622694256.080586,0
1622694256.184649,0
1622694256.290189,0
1622694256.395398,0
1622694256.501415,11
1622694256.604794,17
1622694256.708218,18
1622694256.811569,18
1622694256.914541,18
1622694257.018391,18
1622694257.127833,17
1622694257.244347,13
1622694257.348103,8
1622694257.453184,0
1622694257.556558,7
1622694257.661886,15
1622694257.768011,17
1622694257.884840,16
1622694257.990552,17
1622694258.096232,18
1622694258.207452,18
1622694258.312726,15
1622694258.421628,9
1622694258.538411,0
1622694258.645034,7
1622694258.748664,11
1622694258.862057,17
1622694258.981490,16
1622694259.089658,19
1622694259.192679,17
1622694259.296423,18
1622694259.399974,19
1622694259.504920,17
1622694259.608487,11
1622694259.712036,4
1622694259.817156,1
1622694259.920468,1
1622694260.024268,0
1622694260.131209,0
1622694260.235284,0
1622694260.338728,0
1622694260.442354,0
1622694260.546165,0
1622694260.649420,0
1622694260.752868,0
1622694260.856890,0
1622694260.960538,0
1622694261.076129,0
1622694261.179234,0
1622694261.286597,0
1622694261.400479,0
1622694261.504255,0
1622694261.609994,0
1622694261.726371,0
1622694261.834051,0
1622694261.938483,0
1622694262.043392,0
1622694262.146958,0
1622694262.261896,0
1622694262.367032,0
1622694262.474378,1
1622694262.579465,0
1622694262.685489,1
1622694262.790340,0
1622694262.893418,0
1622694263.000208,0
1622694263.108238,0
1622694263.223221,0
1622694263.347958,0
1622694263.464828,1
1622694263.570788,0
1622694263.675948,0
1622694263.779606,1
1622694263.891697,1
1622694263.996045,1
1622694264.100564,0
1622694264.222800,1
1622694264.328781,0
1622694264.432739,0
1622694264.606987,0
1622694264.754423,1
1622694264.857562,8
1622694264.962481,15
1622694265.066373,18
1622694265.170316,17
1622694265.273993,20
1622694265.377052,18
1622694265.485797,17
1622694265.590431,15
1622694265.694114,9
1622694265.816217,0
1622694265.921360,7
1622694266.025191,15
1622694266.130157,17
1622694266.233224,18
1622694266.336858,19
1622694266.442054,19
1622694266.545089,18
1622694266.650267,16
1622694266.755237,10
1622694266.873626,1
1622694266.976748,9
1622694267.081755,15
1622694267.184797,18
1622694267.287607,18
1622694267.390736,19
1622694267.495103,19
1622694267.600777,19
1622694267.704389,16
1622694267.808045,10
1622694267.911546,3
1622694268.015014,0
1622694268.119013,0
1622694268.226769,0
1622694268.331217,0
1622694268.434091,0
1622694268.537131,0
1622694268.640903,0
1622694268.746327,0
1622694268.860472,0
1622694268.971610,0
1622694269.077278,0
1622694269.180725,0
1622694269.284125,0
1622694269.388156,0
1622694269.491323,0
1622694269.595096,0
1622694269.698836,0
1622694269.808278,0
1622694269.912944,0
1622694270.016582,0
1622694270.124693,0
1622694270.230562,0
1622694270.334931,1
1622694270.437985,1
1622694270.541995,0
1622694270.645176,0
1622694270.748070,0
1622694270.854428,0
1622694270.963066,0
1622694271.067395,0
1622694271.187120,0
1622694271.294725,0
1622694271.403028,0
1622694271.506699,1
1622694271.610017,0
1622694271.716948,0
1622694271.827753,0
1622694271.939937,0
1622694272.045965,0
1622694272.155095,0
1622694272.259799,0
1622694272.367099,0
1622694272.476520,0
1622694272.580088,0
1622694272.691092,0
1622694272.800258,0
1622694272.903571,0
1622694273.007281,6
1622694273.114706,13
1622694273.218340,18
1622694273.321469,18
1622694273.428047,19
1622694273.532930,19
1622694273.635853,19
1622694273.739417,18
1622694273.842522,11
1622694273.945583,5
1622694274.049240,7
1622694274.156823,12
1622694274.260425,17
1622694274.365507,18
1622694274.469227,19
1622694274.572661,19
1622694274.676334,19
1622694274.780141,19
1622694274.883909,13
1622694274.988224,6
1622694275.091417,0
1622694275.195067,11
1622694275.298553,17
1622694275.403894,18
1622694275.508619,18
1622694275.612600,18
1622694275.715728,18
1622694275.818937,19
1622694275.922298,12
1622694276.026330,6
1622694276.131369,0
1622694276.237054,0
1622694276.340157,0
1622694276.447521,0
1622694276.551049,0
1622694276.656099,0
1622694276.771420,0
1622694276.877154,0
1622694276.981495,0
1622694277.084751,0
1622694277.189474,0
1622694277.297499,0
1622694277.400890,0
1622694277.505828,0
1622694277.610000,0
1622694277.713815,0
1622694277.816676,0
1622694277.920689,0
1622694278.024730,0
1622694278.127945,0
1622694278.231244,0
1622694278.334319,0
1622694278.438006,0
1622694278.541685,0
1622694278.646643,0
1622694278.752891,0
1622694278.864364,0
1622694278.968453,0
1622694279.075712,0
1622694279.179389,0
1622694279.291167,0
1622694279.396859,0
1622694279.501033,0
1622694279.604596,0
1622694279.709706,0
1622694279.813543,0
1622694279.916467,0
1622694280.020485,0
1622694280.130275,0
1622694280.236625,0
1622694280.340349,0
1622694280.445383,0
1622694280.549179,1
1622694280.654220,1
1622694280.757917,0
1622694280.861275,1
1622694280.964113,1
1622694281.067466,0
1622694281.170681,5
1622694281.273980,12
1622694281.379438,18
1622694281.484201,18
1622694281.587429,19
1622694281.690404,19
1622694281.794392,19
1622694281.899014,19
1622694282.004545,12
1622694282.108969,6
1622694282.212091,0
1622694282.315139,11
1622694282.418991,18
1622694282.524039,18
1622694282.628063,19
1622694282.731988,19
1622694282.835769,19
1622694282.942910,18
1622694283.046528,12
1622694283.152477,5
1622694283.257552,0
1622694283.361262,0
1622694283.466064,0
1622694283.574706,0
1622694283.681181,0
1622694283.784734,0
1622694283.888045,9
1622694283.992487,16
1622694284.096586,18
1622694284.200447,18
1622694284.304048,18
1622694284.407680,18
1622694284.511123,18
1622694284.616019,14
1622694284.720831,7
1622694284.824833,0
1622694284.935900,0
1622694285.038908,0
1622694285.142911,0
1622694285.246687,0
1622694285.350161,1
1622694285.453605,1
1622694285.557209,0
1622694285.660579,0
1622694285.763794,0
1622694285.867439,1
1622694285.972117,1
1622694286.075016,0
1622694286.177992,1
1622694286.281616,0
1622694286.385112,0
1622694286.489999,0
1622694286.593269,0
1622694286.696660,0
1622694286.800475,0
1622694286.904021,0
1622694287.007980,0
1622694287.111011,0
1622694287.214526,0
1622694287.317590,0
1622694287.420985,1
1622694287.543613,0
1622694287.650167,0
1622694287.753357,0
1622694287.856540,0
1622694287.959623,1
1622694288.063289,1
1622694288.166547,0
1622694288.269906,0
1622694288.373025,0
1622694288.476643,0
1622694288.579880,0
1622694288.683290,0
1622694288.786035,0
1622694288.889441,0
1622694288.992896,0
1622694289.096265,0
1622694289.200550,0
1622694289.304516,0
1622694289.408069,0
1622694289.511348,0
1622694289.614992,0
1622694289.718645,0
