1622697258.201604,0
1622697258.314969,0
1622697258.418870,0
1622697258.524018,0
1622697258.646068,0
1622697258.754552,0
1622697258.857498,0
1622697258.962039,0
1622697259.065118,0
1622697259.172264,0
1622697259.276944,8
1622697259.381216,10
1622697259.510396,7
1622697259.623449,9
1622697259.729151,9
1622697259.841535,10
1622697259.959999,8
1622697260.171993,9
1622697260.276021,10
1622697260.380226,8
1622697260.483742,4
1622697260.588991,2
1622697260.706499,7
1622697260.810535,7
1622697260.916638,8
1622697261.019607,8
1622697261.123623,8
1622697261.226520,10
1622697261.333476,9
1622697261.437423,9
1622697261.543126,9
1622697261.647633,7
1622697261.765148,3
1622697261.881675,1
1622697262.001498,5
1622697262.110373,9
1622697262.214354,7
1622697262.338943,8
1622697262.442497,9
1622697262.545883,10
1622697262.648995,10
1622697262.753157,9
1622697262.855932,7
1622697262.960500,3
1622697263.063299,0
1622697263.168479,0
1622697263.271240,0
1622697263.377988,0
1622697263.480781,0
1622697263.586456,0
1622697263.690124,0
1622697263.796590,0
1622697263.899786,0
1622697264.003472,0
1622697264.106102,0
1622697264.211572,0
1622697264.314484,0
1622697264.420404,0
1622697264.523538,0
1622697264.630133,0
1622697264.733454,0
1622697264.841833,0
1622697264.945750,0
1622697265.049314,0
1622697265.152822,0
1622697265.256247,0
1622697265.359602,0
1622697265.464412,0
1622697265.567502,0
1622697265.673315,0
1622697265.776731,1
1622697265.881147,1
1622697265.984652,0
1622697266.090532,0
1622697266.193532,0
1622697266.300392,0
1622697266.403209,0
1622697266.509226,0
1622697266.612804,0
1622697266.717472,0
1622697266.821006,0
1622697266.924610,0
1622697267.028776,0
1622697267.133577,0
1622697267.237085,0
1622697267.353600,0
1622697267.467224,0
1622697267.573204,0
1622697267.704639,0
1622697267.812074,1
1622697267.914631,1
1622697268.017459,0
1622697268.122069,6
1622697268.224870,10
1622697268.332286,9
1622697268.439471,8
1622697268.542771,10
1622697268.646400,9
1622697268.750388,10
1622697268.853434,9
1622697268.956237,8
1622697269.059725,5
1622697269.178005,0
1622697269.281551,8
1622697269.386306,10
1622697269.525240,9
1622697269.641240,10
1622697269.755923,9
1622697269.859663,9
1622697269.969599,10
1622697270.074809,9
1622697270.180328,10
1622697270.283091,5
1622697270.389783,2
1622697270.494888,11
1622697270.601912,8
1622697270.712329,10
1622697270.821119,11
1622697270.930856,10
1622697271.034253,10
1622697271.140177,7
1622697271.248294,10
1622697271.353086,5
1622697271.456176,6
1622697271.560413,0
1622697271.673609,1
1622697271.789919,1
1622697271.893203,0
1622697271.998549,1
1622697272.101924,0
1622697272.230067,0
1622697272.341051,1
1622697272.444637,0
1622697272.549126,0
1622697272.652903,0
1622697272.755705,0
1622697272.858491,0
1622697272.962303,1
1622697273.077893,0
1622697273.201858,0
1622697273.308207,1
1622697273.413154,1
1622697273.529828,0
1622697273.634473,0
1622697273.739306,1
1622697273.857227,1
1622697273.961060,0
1622697274.078707,0
1622697274.184499,0
1622697274.287300,0
1622697274.394531,0
1622697274.498502,0
1622697274.602276,0
1622697274.705305,0
1622697274.811499,0
1622697274.914957,0
1622697275.091716,0
1622697275.233287,0
1622697275.354488,1
1622697275.469151,0
1622697275.593823,0
1622697275.703383,1
1622697275.816739,1
1622697275.920981,0
1622697276.030237,0
1622697276.133763,0
1622697276.236547,0
1622697276.339587,0
1622697276.442935,0
1622697276.568292,0
1622697276.673308,6
1622697276.786767,9
1622697276.909813,9
1622697277.024865,8
1622697277.128601,10
1622697277.231969,10
1622697277.338415,10
1622697277.448853,10
1622697277.552528,9
1622697277.663945,4
1622697277.767381,1
1622697277.872092,9
1622697277.975767,10
1622697278.079412,10
1622697278.183997,10
1622697278.287154,10
1622697278.390035,10
1622697278.493503,10
1622697278.597232,9
1622697278.700681,5
1622697278.804303,0
1622697278.908103,9
1622697279.011578,11
1622697279.114214,12
1622697279.217637,11
1622697279.320786,12
1622697279.424742,11
1622697279.528419,12
1622697279.631850,11
1622697279.735910,7
1622697279.839492,0
1622697279.945982,0
1622697280.052483,0
1622697280.164055,0
1622697280.267246,0
1622697280.370837,0
1622697280.480863,0
1622697280.594299,1
1622697280.698405,0
1622697280.802824,0
1622697280.906350,0
1622697281.009199,0
1622697281.114191,0
1622697281.217008,0
1622697281.321001,0
1622697281.426480,0
1622697281.554838,0
1622697281.669360,0
1622697281.791189,0
1622697281.894479,0
1622697281.997295,0
1622697282.100886,0
1622697282.204456,1
1622697282.308068,1
1622697282.413126,0
1622697282.517167,0
1622697282.620656,0
1622697282.724643,0
1622697282.828326,0
1622697282.931507,0
1622697283.034537,0
1622697283.138255,0
1622697283.241739,0
1622697283.345460,0
1622697283.449018,0
1622697283.553045,0
1622697283.658070,0
1622697283.761444,0
1622697283.866880,0
1622697283.970479,0
1622697284.077540,0
1622697284.180934,0
1622697284.286273,0
1622697284.390262,0
1622697284.502836,0
1622697284.617560,0
1622697284.721381,0
1622697284.847869,0
1622697284.953339,8
1622697285.056342,10
1622697285.160258,10
1622697285.263432,10
1622697285.368393,11
1622697285.471638,10
1622697285.578043,9
1622697285.681318,8
1622697285.787238,8
1622697285.904501,1
1622697286.019706,7
1622697286.124468,9
1622697286.228690,8
1622697286.335757,9
1622697286.440249,10
1622697286.543278,7
1622697286.646498,10
1622697286.749614,10
1622697286.852723,9
1622697286.956078,7
1622697287.059576,5
1622697287.177162,1
1622697287.280792,8
1622697287.384213,9
1622697287.487778,10
1622697287.590600,10
1622697287.695247,10
1622697287.799950,10
1622697287.904588,10
1622697288.010065,10
1622697288.113459,6
1622697288.216102,1
1622697288.325052,0
1622697288.449041,0
1622697288.557359,0
1622697288.665166,0
1622697288.770030,0
1622697288.876008,0
1622697288.979647,0
1622697289.083430,0
1622697289.200044,0
1622697289.315666,0
1622697289.444739,1
1622697289.555569,0
1622697289.676529,1
1622697289.789185,0
1622697289.893398,0
1622697290.005718,0
1622697290.108265,1
1622697290.211593,2
1622697290.314794,0
1622697290.418611,0
1622697290.522183,0
1622697290.626935,0
1622697290.729574,0
1622697290.835895,0
1622697290.939228,0
1622697291.044268,0
1622697291.147821,0
1622697291.252397,0
1622697291.355760,0
1622697291.470403,0
1622697291.578564,0
1622697291.681218,0
1622697291.791819,0
1622697291.895736,0
1622697292.007742,0
1622697292.110424,0
1622697292.234923,0
1622697292.338073,0
1622697292.440710,0
1622697292.545940,1
1622697292.649210,1
1622697292.755500,1
1622697292.861500,1
1622697292.965342,0
1622697293.068306,0
1622697293.173135,0
1622697293.276634,0
1622697293.381628,6
1622697293.484868,8
1622697293.589815,9
1622697293.694964,8
1622697293.799019,9
1622697293.903730,8
1622697294.007855,8
1622697294.114231,8
1622697294.217794,7
1622697294.322006,5
1622697294.426337,4
1622697294.531595,1
1622697294.635486,5
1622697294.739934,9
1622697294.848344,10
1622697294.953714,10
1622697295.056795,11
1622697295.159560,10
1622697295.267679,10
1622697295.384781,10
1622697295.520860,10
1622697295.642963,3
1622697295.746595,7
1622697295.850459,8
1622697295.958705,8
1622697296.062546,8
1622697296.176917,8
1622697296.290383,8
1622697296.415737,8
1622697296.521582,9
1622697296.624412,10
1622697296.729537,7
1622697296.844038,4
1622697296.946631,0
1622697297.052676,1
1622697297.164272,0
1622697297.279095,0
1622697297.393984,0
1622697297.506356,0
1622697297.609675,0
1622697297.713518,0
1622697297.817056,0
1622697297.920997,0
1622697298.028165,0
1622697298.131866,0
1622697298.235690,0
1622697298.338475,0
1622697298.442145,0
1622697298.544933,0
1622697298.647900,0
1622697298.751231,0
1622697298.854225,0
1622697298.957994,0
1622697299.061734,0
1622697299.165663,1
1622697299.270657,1
1622697299.374279,0
1622697299.478121,0
1622697299.581019,1
1622697299.684585,1
1622697299.792227,0
1622697299.896109,1
1622697299.999677,1
1622697300.102894,1
1622697300.205455,1
1622697300.308671,0
1622697300.412287,1
1622697300.517058,0
1622697300.620552,0
1622697300.725807,0
1622697300.830210,0
1622697300.934137,0
1622697301.036858,0
1622697301.143435,0
1622697301.246967,0
1622697301.351695,0
1622697301.454849,0
1622697301.561139,0
1622697301.666015,0
1622697301.784542,0
1622697301.901099,0
1622697302.011146,1
1622697302.114999,8
1622697302.218845,8
1622697302.323733,9
1622697302.427989,9
1622697302.531509,8
1622697302.634449,8
1622697302.740351,9
1622697302.844507,8
1622697302.950206,6
1622697303.053954,3
1622697303.156943,2
1622697303.259806,4
1622697303.363023,8
1622697303.470464,8
1622697303.578073,8
1622697303.688190,9
1622697303.792821,7
1622697303.899654,7
1622697304.008565,9
1622697304.122241,6
1622697304.229446,4
1622697304.332597,0
1622697304.440364,10
1622697304.545034,10
1622697304.662244,10
1622697304.787923,9
1622697304.897550,9
1622697305.013982,9
1622697305.117262,10
1622697305.222297,9
1622697305.336930,9
1622697305.442159,3
1622697305.545712,1
1622697305.649319,0
1622697305.752418,1
1622697305.871087,1
1622697306.025158,0
1622697306.219867,0
1622697306.323544,1
1622697306.429543,1
1622697306.540013,0
1622697306.643142,0
1622697306.762862,1
1622697306.875412,0
1622697306.980627,1
1622697307.089466,1
1622697307.197838,1
1622697307.303601,1
1622697307.406895,1
1622697307.510531,1
1622697307.615030,1
1622697307.718483,1
1622697307.821839,1
1622697307.925229,1
1622697308.029220,1
1622697308.133889,1
1622697308.238127,1
1622697308.343591,1
1622697308.448061,0
1622697308.551363,1
1622697308.654339,1
1622697308.764762,1
1622697308.868060,0
1622697308.978355,0
1622697309.081230,0
1622697309.185505,0
1622697309.289232,0
1622697309.392247,0
1622697309.507380,0
1622697309.613305,0
1622697309.739526,0
1622697309.843868,1
1622697309.948035,1
1622697310.052252,1
1622697310.157404,1
1622697310.261053,1
1622697310.364237,1
1622697310.467132,1
1622697310.573769,5
1622697310.680660,7
1622697310.783743,8
1622697310.887818,8
1622697310.993020,8
1622697311.096601,9
1622697311.202283,10
1622697311.306018,10
1622697311.411967,9
1622697311.515149,5
1622697311.625590,2
1622697311.730865,5
1622697311.837267,8
1622697311.998352,8
1622697312.102178,8
1622697312.205964,9
1622697312.309586,8
1622697312.412589,8
1622697312.537666,9
1622697312.665411,7
1622697312.768657,4
1622697312.881392,0
1622697312.994501,3
1622697313.097763,11
1622697313.211488,10
1622697313.319901,11
1622697313.424984,12
1622697313.530454,11
1622697313.636465,10
1622697313.745399,12
1622697313.852635,10
1622697313.960649,6
1622697314.065140,0
1622697314.185497,0
1622697314.308502,0
1622697314.417421,0
1622697314.529630,1
1622697314.643835,1
1622697314.748081,0
1622697314.920765,0
1622697315.026254,0
1622697315.132655,1
1622697315.256618,0
1622697315.359912,0
1622697315.465198,0
1622697315.569301,0
1622697315.683137,0
1622697315.789386,0
1622697315.893878,0
1622697315.997640,0
1622697316.110348,0
1622697316.213719,0
1622697316.323946,0
1622697316.426942,0
1622697316.530957,0
1622697316.634076,0
1622697316.737396,0
1622697316.841811,0
1622697316.945665,0
1622697317.050244,0
1622697317.153616,0
1622697317.257403,0
1622697317.361938,1
1622697317.465553,1
1622697317.583458,0
1622697317.689127,0
1622697317.792346,0
1622697317.901498,1
1622697318.016784,0
1622697318.131111,0
1622697318.233819,0
1622697318.336663,0
1622697318.440155,0
1622697318.544390,0
1622697318.649806,0
1622697318.753902,0
1622697318.858557,0
1622697318.961986,0
1622697319.064772,0
1622697319.171235,8
1622697319.313745,8
1622697319.419859,9
1622697319.532654,10
1622697319.636559,11
1622697319.740007,10
1622697319.844792,8
1622697319.948246,10
1622697320.074678,9
1622697320.178109,2
1622697320.281645,4
1622697320.384768,9
1622697320.504348,10
1622697320.609835,10
1622697320.719215,11
1622697320.837996,10
1622697320.941845,10
1622697321.048391,9
1622697321.151361,9
1622697321.258051,7
1622697321.361567,1
1622697321.466103,9
1622697321.583672,9
1622697321.686562,9
1622697321.791012,8
1622697321.895141,8
1622697321.999353,8
1622697322.103039,10
1622697322.206587,10
1622697322.309889,11
1622697322.415356,10
1622697322.518113,5
1622697322.621013,1
1622697322.725398,0
1622697322.828336,0
1622697322.940027,0
1622697323.042848,0
1622697323.150744,0
1622697323.257070,0
1622697323.360754,1
1622697323.468370,0
1622697323.571683,1
1622697323.682914,1
1622697323.786235,1
1622697323.895478,1
1622697323.999201,1
1622697324.106802,0
1622697324.221109,1
1622697324.331809,0
1622697324.435377,0
1622697324.539842,1
1622697324.644195,0
1622697324.746877,1
1622697324.855119,0
1622697324.970800,1
1622697325.095017,0
1622697325.201747,1
1622697325.315071,0
1622697325.418695,0
1622697325.521939,0
1622697325.625947,0
1622697325.728833,1
1622697325.832216,1
1622697325.935432,1
1622697326.038476,1
1622697326.141719,1
1622697326.245077,1
1622697326.349732,0
1622697326.453266,1
1622697326.556678,1
1622697326.660261,0
1622697326.764642,1
1622697326.870492,1
1622697326.977073,0
1622697327.097110,1
1622697327.208594,1
1622697327.312175,1
1622697327.415468,1
1622697327.517973,1
1622697327.639337,0
1622697327.756678,4
1622697327.860739,11
1622697327.982018,9
1622697328.091454,11
1622697328.200151,12
1622697328.308429,10
1622697328.422266,11
1622697328.526254,11
1622697328.632906,11
1622697328.735682,2
1622697328.839694,4
1622697328.942732,8
1622697329.066945,7
1622697329.189771,9
1622697329.292782,10
1622697329.401151,10
1622697329.506019,10
1622697329.611746,8
1622697329.727069,6
1622697329.832793,3
1622697329.938485,8
1622697330.042117,8
1622697330.144960,9
1622697330.270864,8
1622697330.384670,7
1622697330.490267,8
1622697330.605998,7
1622697330.711202,9
1622697330.814178,9
1622697330.917071,7
1622697331.020818,2
1622697331.124653,1
1622697331.233134,0
1622697331.345488,0
1622697331.448625,0
1622697331.551900,0
1622697331.655545,0
1622697331.759887,0
1622697331.884914,0
1622697331.987794,0
1622697332.093696,0
1622697332.209292,0
1622697332.315614,0
1622697332.419197,0
1622697332.523699,0
1622697332.650911,0
1622697332.755315,0
1622697332.858707,0
1622697332.962525,1
1622697333.069704,1
1622697333.198948,0
1622697333.301950,1
1622697333.404689,1
1622697333.509415,1
1622697333.625143,0
1622697333.733471,1
1622697333.857136,0
1622697333.960129,0
1622697334.070666,1
1622697334.179363,0
1622697334.290900,0
1622697334.409159,0
1622697334.515796,0
1622697334.676531,0
1622697334.810144,1
1622697334.932924,0
1622697335.036335,0
1622697335.141951,0
1622697335.252786,0
1622697335.373077,1
1622697335.486707,0
1622697335.602828,0
1622697335.705631,0
1622697335.819964,0
1622697335.954017,0
1622697336.057901,1
1622697336.162602,6
1622697336.267554,9
1622697336.370350,8
1622697336.476313,8
1622697336.583457,9
1622697336.686246,10
1622697336.789104,9
1622697336.892511,9
1622697336.996358,5
1622697337.100299,3
1622697337.204362,0
1622697337.316577,8
1622697337.440757,8
1622697337.543925,9
1622697337.647403,10
1622697337.750996,10
1622697337.864774,9
1622697337.989174,8
1622697338.092098,9
1622697338.198301,5
1622697338.302257,0
1622697338.407567,7
1622697338.513806,9
1622697338.617588,9
1622697338.722083,9
1622697338.825491,10
1622697338.929144,10
1622697339.034527,8
1622697339.137874,9
1622697339.242949,5
1622697339.346545,4
1622697339.453144,1
1622697339.557872,1
1622697339.665453,1
1622697339.773589,0
1622697339.883706,1
1622697339.992169,0
1622697340.100136,1
1622697340.213080,0
1622697340.316955,0
1622697340.425641,0
1622697340.528654,0
1622697340.634421,0
1622697340.737222,0
1622697340.840277,0
1622697340.953737,0
1622697341.057171,0
1622697341.160025,0
1622697341.270079,0
1622697341.373531,0
1622697341.476441,0
1622697341.580016,0
1622697341.682786,0
1622697341.788446,0
1622697341.891434,0
1622697341.995837,0
1622697342.099290,0
1622697342.205575,0
1622697342.309818,0
1622697342.412952,0
1622697342.530634,0
1622697342.635319,0
1622697342.738727,0
1622697342.842905,0
1622697342.946362,0
1622697343.049272,0
1622697343.156195,0
1622697343.261045,1
1622697343.364964,1
1622697343.473191,0
1622697343.581901,0
1622697343.687975,0
1622697343.798640,0
1622697343.926692,0
1622697344.038429,0
1622697344.162764,0
1622697344.269468,0
1622697344.374353,0
1622697344.477564,0
1622697344.587769,8
1622697344.691103,8
1622697344.794174,8
1622697344.898028,9
1622697345.001824,8
1622697345.107514,8
1622697345.211153,8
1622697345.313820,8
1622697345.419762,5
1622697345.532769,0
1622697345.680872,6
1622697345.785350,9
1622697345.896413,9
1622697346.002381,8
1622697346.172429,8
1622697346.276119,9
1622697346.381929,9
1622697346.510536,8
1622697346.615865,7
1622697346.719646,4
1622697346.822472,1
1622697346.925762,7
1622697347.028608,9
1622697347.134743,8
1622697347.238203,9
1622697347.352346,8
1622697347.488735,7
1622697347.592224,9
1622697347.703999,8
1622697347.809971,6
1622697347.913764,6
1622697348.022139,1
1622697348.129336,1
1622697348.238326,1
1622697348.343349,0
1622697348.452671,0
1622697348.566416,0
1622697348.684531,0
1622697348.805216,0
1622697348.909929,0
1622697349.017096,0
1622697349.120680,0
1622697349.223507,0
1622697349.327193,0
1622697349.431859,0
1622697349.534747,0
1622697349.638462,0
1622697349.741449,0
1622697349.844842,0
1622697349.948102,0
1622697350.051573,0
1622697350.177374,0
1622697350.300683,1
1622697350.425995,0
1622697350.528864,0
1622697350.645622,0
1622697350.748923,0
1622697350.852833,0
1622697350.955551,0
1622697351.058382,0
1622697351.161586,0
1622697351.265234,0
1622697351.368115,0
1622697351.471627,0
1622697351.574203,0
1622697351.677851,0
1622697351.781172,0
1622697351.886547,0
1622697352.007655,0
1622697352.119768,0
1622697352.252366,1
1622697352.357802,0
1622697352.460993,0
1622697352.567874,0
1622697352.677367,0
1622697352.782078,0
1622697352.886925,0
1622697352.997769,0
1622697353.103205,3
1622697353.212945,9
1622697353.316424,10
1622697353.436087,11
1622697353.540395,11
1622697353.655889,9
1622697353.775789,10
1622697353.878879,10
1622697353.981800,10
1622697354.089197,8
1622697354.197353,1
1622697354.310324,6
1622697354.413104,9
1622697354.518141,10
1622697354.680872,10
1622697354.784288,10
1622697354.890427,10
1622697354.994074,10
1622697355.099031,11
1622697355.204277,10
1622697355.308923,9
1622697355.479995,6
1622697355.583150,1
1622697355.686895,5
1622697355.789589,9
1622697355.894166,9
1622697355.997110,9
1622697356.102018,9
1622697356.237532,8
1622697356.350829,9
1622697356.458406,8
1622697356.563572,8
1622697356.669779,6
1622697356.773451,3
1622697356.876294,1
1622697356.979434,1
1622697357.083083,0
1622697357.186437,0
1622697357.289769,0
1622697357.394225,0
1622697357.497349,0
1622697357.603545,0
1622697357.707093,0
1622697357.811424,0
1622697357.914652,0
1622697358.024579,0
1622697358.128819,0
1622697358.244589,0
1622697358.351441,0
1622697358.477062,0
1622697358.580706,0
1622697358.686785,0
1622697358.790098,0
1622697358.896054,1
1622697358.998722,1
1622697359.104166,0
1622697359.207029,0
1622697359.312610,0
1622697359.416230,0
1622697359.520884,0
1622697359.624432,0
1622697359.729692,0
1622697359.832401,0
1622697359.938855,0
1622697360.041644,0
1622697360.147904,0
1622697360.251383,0
1622697360.358787,0
1622697360.462097,0
1622697360.568179,0
1622697360.691836,0
1622697360.801796,0
1622697360.912737,0
1622697361.028058,0
1622697361.135024,1
1622697361.238566,0
1622697361.341349,0
1622697361.444892,0
1622697361.548148,0
1622697361.651736,0
1622697361.755805,0
1622697361.859587,0
1622697361.965159,10
1622697362.070667,11
1622697362.191173,11
1622697362.297472,11
1622697362.403325,10
1622697362.528513,9
1622697362.639537,9
1622697362.744334,9
1622697362.866850,3
1622697362.973381,1
1622697363.077772,9
1622697363.184440,10
1622697363.288010,10
1622697363.391624,10
1622697363.495250,10
1622697363.599006,10
1622697363.702654,10
1622697363.806579,8
1622697363.910270,4
1622697364.013478,0
1622697364.130943,8
1622697364.236718,8
1622697364.341328,8
1622697364.449142,8
1622697364.552502,8
1622697364.661888,9
1622697364.765315,9
1622697364.887624,8
1622697364.995855,3
1622697365.100852,1
1622697365.204180,0
1622697365.307344,0
1622697365.433936,0
1622697365.537545,0
1622697365.640485,1
1622697365.743912,1
1622697365.847080,0
1622697365.950790,0
1622697366.056270,0
1622697366.160157,0
1622697366.263544,0
1622697366.367156,0
1622697366.472787,0
1622697366.578780,0
1622697366.681581,0
1622697366.784589,0
1622697366.887551,0
1622697366.991756,0
1622697367.094899,0
1622697367.200797,0
1622697367.304073,0
1622697367.408623,0
1622697367.512251,0
1622697367.618564,0
1622697367.721547,0
1622697367.827532,0
1622697367.933014,0
1622697368.037323,0
1622697368.141884,0
1622697368.245493,0
1622697368.348733,0
1622697368.452172,0
1622697368.557201,0
1622697368.662848,0
1622697368.765904,0
1622697368.869559,1
1622697368.972814,1
1622697369.078420,0
1622697369.181963,0
1622697369.288990,0
1622697369.394230,0
1622697369.497692,0
1622697369.600664,0
1622697369.704135,0
1622697369.809974,0
1622697369.913365,0
1622697370.018557,0
1622697370.168249,0
1622697370.274470,5
1622697370.395794,7
1622697370.510261,8
1622697370.613556,10
1622697370.717058,10
1622697370.821692,9
1622697370.932418,8
1622697371.040626,9
1622697371.143706,6
1622697371.248910,3
1622697371.351920,10
1622697371.469353,7
1622697371.572473,8
1622697371.690249,8
1622697371.807099,7
1622697371.915984,9
1622697372.024751,10
1622697372.128517,9
1622697372.231701,8
1622697372.335873,9
1622697372.439082,5
1622697372.542667,2
1622697372.646010,8
1622697372.749322,14
1622697372.852745,13
1622697372.959561,14
1622697373.063183,14
1622697373.168191,15
1622697373.271239,14
1622697373.377049,15
1622697373.480139,11
1622697373.586851,4
1622697373.690610,0
1622697373.794299,0
1622697373.897369,0
1622697374.002580,0
1622697374.105917,0
1622697374.210725,0
1622697374.313847,0
1622697374.419593,0
1622697374.523033,0
1622697374.629117,0
1622697374.732617,0
1622697374.836874,0
1622697374.941744,0
1622697375.046223,0
1622697375.149541,0
1622697375.255297,0
1622697375.358259,0
1622697375.462739,0
1622697375.566392,0
1622697375.682228,0
1622697375.785412,0
1622697375.888039,0
1622697375.991440,0
1622697376.094172,0
1622697376.196980,0
1622697376.299872,1
1622697376.403082,0
1622697376.505991,1
1622697376.610667,0
1622697376.716046,1
1622697376.818696,1
1622697376.923848,0
1622697377.026932,0
1622697377.131468,0
1622697377.237825,0
1622697377.341197,0
1622697377.446467,0
1622697377.550952,0
1622697377.653847,0
1622697377.757929,0
1622697377.861372,0
1622697377.968222,0
1622697378.073176,0
1622697378.199343,0
1622697378.304274,0
1622697378.412724,0
1622697378.516471,0
1622697378.635294,0
1622697378.742425,4
1622697378.848041,9
1622697378.951738,10
1622697379.078059,9
1622697379.181507,10
1622697379.301822,9
1622697379.404948,9
1622697379.510131,9
1622697379.613505,9
1622697379.719551,11
1622697379.823552,10
1622697379.926276,3
1622697380.031777,5
1622697380.136958,9
1622697380.241066,10
1622697380.350385,10
1622697380.457760,9
1622697380.569190,8
1622697380.679667,8
1622697380.783014,8
1622697380.901279,4
1622697381.022843,3
1622697381.125666,5
1622697381.261956,9
1622697381.364841,9
1622697381.506337,9
1622697381.615175,9
1622697381.722155,9
1622697381.865117,8
1622697381.971820,9
1622697382.092237,7
1622697382.196049,6
1622697382.303738,3
1622697382.407809,0
1622697382.524261,0
1622697382.627185,0
1622697382.730817,1
1622697382.840411,1
1622697382.946247,0
1622697383.063082,1
1622697383.171622,0
1622697383.278418,1
1622697383.392158,0
1622697383.503696,1
1622697383.612225,0
1622697383.725203,0
1622697383.829172,1
1622697383.937913,1
1622697384.042648,1
1622697384.145420,0
1622697384.250218,1
1622697384.353075,1
1622697384.461927,1
1622697384.566705,1
1622697384.669141,0
1622697384.777182,0
1622697384.890357,0
1622697384.996449,0
1622697385.113220,0
1622697385.216196,0
1622697385.319101,0
1622697385.421807,1
1622697385.525834,1
1622697385.629395,1
1622697385.732648,0
1622697385.836408,0
1622697385.939965,1
1622697386.044420,0
1622697386.147729,1
1622697386.255576,1
1622697386.359340,1
1622697386.464516,1
1622697386.568717,0
1622697386.672135,0
1622697386.779669,0
1622697386.887796,0
1622697386.995953,0
1622697387.102947,1
1622697387.207711,0
1622697387.314550,1
1622697387.418144,0
1622697387.523752,4
1622697387.627214,6
1622697387.738313,9
1622697387.857158,8
1622697387.961207,8
1622697388.065854,7
1622697388.172333,9
1622697388.283732,7
1622697388.389719,6
1622697388.508228,3
1622697388.651058,0
1622697388.754118,8
1622697388.866316,8
1622697388.974490,8
1622697389.100517,9
1622697389.223992,9
1622697389.337128,7
1622697389.448611,8
1622697389.552269,9
1622697389.659009,5
1622697389.762629,4
1622697389.866114,2
1622697389.973935,4
1622697390.077391,9
1622697390.200869,10
1622697390.319862,10
1622697390.424644,10
1622697390.528198,10
1622697390.636590,10
1622697390.739877,10
1622697390.843425,12
1622697390.978664,7
1622697391.082071,1
1622697391.185851,1
1622697391.292165,1
1622697391.394894,1
1622697391.518021,0
1622697391.620812,0
1622697391.736858,0
1622697391.845305,0
1622697391.949372,0
1622697392.055313,1
1622697392.163418,0
1622697392.266872,0
1622697392.370680,0
1622697392.473919,0
1622697392.579925,0
1622697392.686503,0
1622697392.790177,1
1622697392.905364,0
1622697393.008780,1
1622697393.115043,0
1622697393.222392,1
1622697393.325840,1
1622697393.447759,0
1622697393.551732,1
1622697393.659794,1
1622697393.762505,0
1622697393.867751,0
1622697393.971998,1
1622697394.075222,0
1622697394.178763,1
1622697394.282726,1
1622697394.389518,1
1622697394.492894,0
1622697394.618360,1
1622697394.725695,0
1622697394.829227,0
1622697394.938668,0
1622697395.046168,0
1622697395.152128,1
1622697395.255756,0
1622697395.359311,1
1622697395.462632,1
1622697395.575034,0
1622697395.677935,0
1622697395.785336,1
1622697395.888512,0
1622697395.994729,1
1622697396.097951,0
1622697396.202085,6
1622697396.306228,7
1622697396.416000,9
1622697396.543130,9
1622697396.646046,9
1622697396.792829,9
1622697396.897892,10
1622697397.015774,8
1622697397.120248,7
1622697397.225197,5
1622697397.330441,3
1622697397.436599,4
1622697397.549290,7
1622697397.654482,10
1622697397.757944,7
1622697397.871889,8
1622697397.981674,9
1622697398.090341,9
1622697398.194204,8
1622697398.298422,9
1622697398.404500,8
1622697398.507337,5
1622697398.611438,6
1622697398.716338,0
1622697398.819375,4
1622697398.927351,11
1622697399.030385,11
1622697399.132976,12
1622697399.237565,11
1622697399.346015,12
1622697399.453233,11
1622697399.556715,11
1622697399.664992,11
1622697399.768106,12
1622697399.875018,11
1622697399.978707,3
1622697400.098541,0
1622697400.210866,0
1622697400.315164,1
1622697400.418181,1
1622697400.522256,1
1622697400.628612,0
1622697400.751190,0
1622697400.861678,0
1622697400.972836,0
1622697401.098541,0
1622697401.207809,0
1622697401.336485,0
1622697401.446297,0
1622697401.560272,0
1622697401.685008,0
1622697401.812771,0
1622697401.920254,0
1622697402.053662,0
1622697402.209728,1
1622697402.343554,0
1622697402.536184,0
1622697402.650527,1
1622697402.766208,1
1622697402.880296,0
1622697402.987621,0
1622697403.091329,0
1622697403.201879,0
1622697403.305512,0
1622697403.408261,0
1622697403.511406,0
1622697403.616616,0
1622697403.737182,0
1622697403.840545,0
1622697403.943551,0
1622697404.050483,0
1622697404.189301,0
1622697404.296803,1
1622697404.399729,0
1622697404.517506,1
1622697404.641894,1
1622697404.761947,0
1622697404.865405,0
1622697404.969512,0
1622697405.073792,3
1622697405.177080,8
1622697405.280186,8
1622697405.384313,9
1622697405.551473,9
1622697405.656908,9
1622697405.766340,9
1622697405.869630,9
1622697405.972401,9
1622697406.075665,8
1622697406.182093,6
1622697406.301465,1
1622697406.406048,6
1622697406.509864,8
1622697406.621687,8
1622697406.724583,9
1622697406.827381,8
1622697406.932325,9
1622697407.035644,8
1622697407.139701,9
1622697407.243260,5
1622697407.348296,2
1622697407.452284,9
1622697407.556381,8
1622697407.660562,8
1622697407.768286,8
1622697407.889670,9
1622697408.013109,9
1622697408.169783,9
1622697408.288772,8
1622697408.394179,7
1622697408.557273,4
1622697408.660255,1
1622697408.763944,1
1622697408.867464,1
1622697408.971251,1
1622697409.074956,0
1622697409.180861,0
1622697409.284224,0
1622697409.389301,0
1622697409.492744,0
1622697409.597029,0
1622697409.700278,0
1622697409.806208,0
1622697409.910417,0
1622697410.014643,0
1622697410.117914,0
1622697410.222136,0
1622697410.325171,0
1622697410.431071,0
1622697410.534378,0
1622697410.641127,0
1622697410.744735,0
1622697410.849939,0
1622697410.953898,0
1622697411.086898,0
1622697411.190099,0
1622697411.294267,0
1622697411.397269,0
1622697411.501066,0
1622697411.603899,0
1622697411.706872,0
1622697411.809755,0
1622697411.913000,0
1622697412.017180,0
1622697412.127764,0
1622697412.231193,0
1622697412.340905,0
1622697412.444470,0
1622697412.549158,1
1622697412.652696,1
1622697412.757226,0
1622697412.865623,0
1622697412.968726,0
1622697413.071809,1
1622697413.175837,1
1622697413.279371,0
1622697413.382480,0
1622697413.485928,0
1622697413.588879,0
1622697413.691875,0
1622697413.798131,4
1622697413.903661,11
1622697414.006912,11
1622697414.120249,11
1622697414.238954,10
1622697414.345760,11
1622697414.448530,12
1622697414.552446,11
1622697414.656200,12
1622697414.762617,11
1622697414.865859,4
1622697414.970098,5
1622697415.095163,7
1622697415.197920,7
1622697415.305621,8
1622697415.409597,7
1622697415.546570,8
1622697415.670032,8
1622697415.811907,10
1622697415.916823,6
1622697416.024380,3
1622697416.165698,2
1622697416.281993,3
1622697416.385212,9
1622697416.490202,10
1622697416.594084,11
1622697416.698044,12
1622697416.801173,13
1622697416.916027,11
1622697417.026739,12
1622697417.129997,11
1622697417.234324,9
1622697417.339022,4
1622697417.447000,0
1622697417.549775,0
1622697417.658182,0
1622697417.780729,0
1622697417.892549,1
1622697418.010365,1
1622697418.113144,0
1622697418.220107,0
1622697418.323624,0
1622697418.427562,0
1622697418.534345,0
1622697418.637741,0
1622697418.740907,0
1622697418.846449,0
1622697418.953801,0
1622697419.057063,0
1622697419.160762,0
1622697419.270368,0
1622697419.373406,0
1622697419.477006,0
1622697419.603559,0
1622697419.707148,0
1622697419.809875,0
1622697419.914397,0
1622697420.017415,0
1622697420.132068,0
1622697420.239178,0
1622697420.342737,0
1622697420.447249,1
1622697420.551157,0
1622697420.656010,0
1622697420.760038,0
1622697420.864136,0
1622697420.968550,0
1622697421.073608,0
1622697421.177014,0
1622697421.282064,0
1622697421.385075,0
1622697421.492219,0
1622697421.595687,0
1622697421.704193,0
1622697421.812282,0
1622697421.915093,0
1622697422.022392,0
1622697422.125036,0
1622697422.242892,0
1622697422.345887,0
1622697422.451705,1
1622697422.555322,8
1622697422.665267,9
1622697422.768440,8
1622697422.871826,9
1622697422.974917,9
1622697423.078111,7
1622697423.181076,9
1622697423.284961,10
1622697423.388281,7
1622697423.493286,4
1622697423.596612,0
1622697423.705658,5
1622697423.813802,7
1622697423.926243,8
1622697424.038883,7
1622697424.148254,9
1622697424.254862,10
1622697424.357689,8
1622697424.462108,9
1622697424.569761,6
1622697424.674037,4
1622697424.789320,0
1622697424.892660,4
1622697424.999242,13
1622697425.104133,13
1622697425.207923,14
1622697425.311498,15
1622697425.424501,15
1622697425.528811,12
1622697425.633338,13
1622697425.746611,13
1622697425.851928,7
1622697425.957648,2
1622697426.060387,0
1622697426.164143,1
1622697426.267204,1
1622697426.373432,0
1622697426.547182,0
1622697426.669356,0
1622697426.775733,0
1622697426.883922,0
1622697426.995917,1
1622697427.098887,1
1622697427.204114,0
1622697427.307233,0
1622697427.414733,0
1622697427.518327,0
1622697427.624375,0
1622697427.727318,0
1622697427.833906,0
1622697427.936875,0
1622697428.041083,0
1622697428.143961,0
1622697428.250824,0
1622697428.353593,0
1622697428.459603,0
1622697428.562234,0
1622697428.667802,0
1622697428.771322,0
1622697428.876255,0
1622697428.978850,0
1622697429.085267,0
1622697429.188910,0
1622697429.293776,0
1622697429.396671,0
1622697429.503782,0
1622697429.606347,0
1622697429.709906,0
1622697429.813081,0
1622697429.918738,0
1622697430.021908,0
1622697430.127165,1
1622697430.230065,1
1622697430.336068,0
1622697430.440466,0
1622697430.544061,0
1622697430.647685,0
1622697430.754452,0
1622697430.857849,0
1622697430.976818,0
1622697431.080093,9
1622697431.183923,10
1622697431.287779,12
1622697431.391741,12
1622697431.499415,11
1622697431.602759,12
1622697431.712984,11
1622697431.816123,11
1622697431.923349,8
1622697432.029887,1
1622697432.146693,4
1622697432.249948,8
1622697432.353575,9
1622697432.457150,10
1622697432.560897,10
1622697432.663650,10
1622697432.766656,10
1622697432.869496,10
1622697432.972962,5
1622697433.078044,2
1622697433.206991,6
1622697433.314439,12
1622697433.425817,10
1622697433.545108,13
1622697433.657151,10
1622697433.760129,13
1622697433.883888,11
1622697434.008029,11
1622697434.112566,12
1622697434.225499,10
1622697434.331432,4
1622697434.434101,1
1622697434.537230,1
1622697434.640444,0
1622697434.743826,0
1622697434.848796,0
1622697434.954436,0
1622697435.057636,0
1622697435.160910,0
1622697435.264544,0
1622697435.367738,0
1622697435.470887,0
1622697435.574865,0
1622697435.679039,0
1622697435.786134,0
1622697435.891719,0
1622697435.995500,0
1622697436.099039,0
1622697436.212810,0
1622697436.316837,0
1622697436.420333,0
1622697436.523793,0
1622697436.626404,0
1622697436.729241,0
1622697436.833169,0
1622697436.939144,0
1622697437.042640,1
1622697437.151484,1
1622697437.254530,0
1622697437.357191,0
1622697437.460337,1
1622697437.569597,0
1622697437.672620,1
1622697437.776154,1
1622697437.879705,1
1622697437.983127,0
1622697438.086282,1
1622697438.192267,1
1622697438.299422,0
1622697438.402942,0
1622697438.515544,0
1622697438.618878,0
1622697438.723416,1
1622697438.827836,1
1622697438.943237,0
1622697439.046706,0
1622697439.150010,1
1622697439.253710,1
1622697439.384069,0
1622697439.487873,4
1622697439.601001,10
1622697439.706033,10
1622697439.809738,9
1622697439.912702,9
1622697440.032309,10
1622697440.140627,10
1622697440.243447,11
1622697440.351050,10
1622697440.473774,11
1622697440.576630,11
1622697440.686271,4
1622697440.789747,0
1622697440.900584,5
1622697441.007252,6
1622697441.114915,9
1622697441.219049,8
1622697441.322464,9
1622697441.435849,9
1622697441.538784,10
1622697441.645871,8
1622697441.749285,10
1622697441.855441,6
1622697441.958222,5
1622697442.067230,0
1622697442.169990,5
1622697442.273602,7
1622697442.378164,8
1622697442.481702,8
1622697442.584518,9
1622697442.689511,9
1622697442.793130,9
1622697442.898908,8
1622697443.002093,9
1622697443.105134,8
1622697443.209292,4
1622697443.314868,1
1622697443.420779,0
1622697443.525398,0
1622697443.633723,0
1622697443.743484,0
1622697443.846714,0
1622697443.949641,0
1622697444.056972,0
1622697444.159872,0
1622697444.272783,0
1622697444.382318,0
1622697444.502299,0
1622697444.607138,0
1622697444.710249,0
1622697444.822406,0
1622697444.926476,0
1622697445.029588,0
1622697445.133243,1
1622697445.237833,1
1622697445.345384,1
1622697445.449046,1
1622697445.552685,1
1622697445.656212,1
1622697445.762743,1
1622697445.867321,1
1622697445.974163,0
1622697446.077332,0
1622697446.180659,0
1622697446.284179,1
1622697446.387305,1
1622697446.490415,0
1622697446.601210,0
1622697446.712867,1
1622697446.819589,0
1622697446.922410,0
1622697447.028772,1
1622697447.133561,1
1622697447.240478,1
1622697447.344458,0
1622697447.448017,1
1622697447.551511,1
1622697447.657847,1
1622697447.760964,0
1622697447.865883,1
1622697447.976984,1
1622697448.080254,1
1622697448.196851,0
1622697448.299997,0
1622697448.421822,5
1622697448.559722,8
1622697448.718006,9
1622697448.823102,10
1622697448.926623,9
1622697449.073308,9
1622697449.185289,10
1622697449.290008,7
1622697449.414307,6
1622697449.517640,1
1622697449.624627,1
1622697449.727634,4
1622697449.830728,8
1622697449.933477,9
1622697450.044239,9
1622697450.159499,9
1622697450.265735,7
1622697450.369720,10
1622697450.472565,10
1622697450.578642,9
1622697450.683406,3
1622697450.795143,2
1622697450.900715,8
1622697451.006809,8
1622697451.110250,7
1622697451.215546,9
1622697451.319371,10
1622697451.426722,9
1622697451.534232,9
1622697451.637288,10
1622697451.743028,9
1622697451.847910,7
1622697451.952454,4
1622697452.061623,0
1622697452.180812,1
1622697452.294830,0
1622697452.401792,0
1622697452.519919,0
1622697452.626926,0
1622697452.736291,0
1622697452.841734,0
1622697452.956875,0
1622697453.064986,0
1622697453.204566,0
1622697453.330123,0
1622697453.435920,1
1622697453.554057,1
1622697453.656901,0
1622697453.781531,0
1622697453.885099,0
1622697453.993420,0
1622697454.097521,0
1622697454.233154,0
1622697454.361137,0
1622697454.487432,1
1622697454.606095,0
1622697454.733037,1
1622697454.839952,0
1622697454.990835,0
1622697455.097899,1
1622697455.239526,0
1622697455.350114,0
1622697455.458157,1
1622697455.585898,1
1622697455.688723,0
1622697455.800694,0
1622697455.908805,0
1622697456.031958,0
1622697456.138671,0
1622697456.252169,1
1622697456.441414,0
1622697456.544619,0
1622697456.654834,0
1622697456.781121,0
1622697456.884480,0
1622697456.987342,1
1622697457.092253,4
1622697457.197322,9
1622697457.301911,12
1622697457.553812,12
1622697457.668681,13
1622697457.773257,11
1622697457.877388,11
1622697457.980639,11
1622697458.092331,12
1622697458.243493,11
1622697458.346397,6
1622697458.535252,2
1622697458.651915,3
1622697458.759776,10
1622697458.863401,11
1622697458.966726,10
1622697459.070899,10
1622697459.180133,10
1622697459.288804,10
1622697459.394913,10
1622697459.499701,8
1622697459.621296,1
1622697459.728984,4
1622697459.831777,11
1622697459.953894,10
1622697460.065848,12
1622697460.172487,12
1622697460.276868,11
1622697460.383037,11
1622697460.489607,9
1622697460.606951,12
1622697460.716654,7
1622697460.820094,0
1622697460.938463,1
1622697461.050296,1
1622697461.166662,0
1622697461.304297,0
1622697461.428552,0
1622697461.552155,1
1622697461.678281,0
1622697461.784345,0
1622697461.887708,0
1622697461.991003,0
1622697462.105091,0
1622697462.207844,0
1622697462.314837,0
1622697462.417808,0
1622697462.526631,0
1622697462.633799,0
1622697462.737460,0
1622697462.844296,0
1622697462.949990,0
1622697463.053502,0
1622697463.163234,0
1622697463.268139,0
1622697463.371154,0
1622697463.475082,0
1622697463.578167,0
1622697463.720689,0
1622697463.833233,1
1622697463.946229,1
1622697464.062928,0
1622697464.168577,0
1622697464.273387,0
1622697464.381025,0
1622697464.494892,0
1622697464.601301,0
1622697464.704312,0
1622697464.807287,0
1622697464.910367,0
1622697465.013904,0
1622697465.117290,0
1622697465.222062,0
1622697465.325769,0
1622697465.430043,0
1622697465.558400,0
1622697465.684956,1
